0;23507.0673323
2;23507.0673323
4;23507.0673323
6;23507.0673323
8;23479.2034766
10;23479.2034766
12;23479.2034766
14;22047.8613195
16;22047.8613195
18;21664.3789662
20;21664.3789662
22;21664.3789662
24;21664.3789662
26;21664.3789662
28;21664.3789662
30;21664.3789662
32;21664.3789662
34;21664.3789662
36;21554.8730247
38;21554.8730247
40;21554.8730247
42;21554.8730247
44;21554.8730247
46;21554.8730247
48;21554.8730247
50;21554.8730247
52;21554.8730247
54;21554.8730247
56;21554.8730247
58;21541.2487441
60;21541.2487441
62;21541.2487441
64;21541.2487441
66;21541.2487441
68;21541.2487441
70;21541.2487441
72;21541.2487441
74;21541.2487441
76;21541.2487441
78;21541.2487441
80;21497.9396427
82;21497.9396427
84;21497.9396427
86;21497.9396427
88;21497.9396427
90;21497.9396427
92;21497.9396427
94;21497.9396427
96;21497.9396427
98;21497.9396427
100;21497.9396427
102;21497.9396427
104;21497.9396427
106;21497.9396427
108;21497.9396427
110;21497.9396427
112;21497.9396427
114;21497.9396427
116;21497.9396427
118;21497.9396427
120;21428.0070896
122;21428.0070896
124;21135.6877813
126;21135.6877813
128;21135.6877813
130;20839.9572591
132;20839.9572591
134;20839.9572591
136;18287.5609767
138;18287.5609767
140;18287.5609767
142;18287.5609767
144;18287.5609767
146;18243.2109077
148;18243.2109077
150;18243.2109077
152;18243.2109077
154;18243.2109077
156;18243.2109077
158;18243.2109077
160;18243.2109077
162;18243.2109077
164;18243.2109077
166;18243.2109077
168;18243.2109077
170;18243.2109077
172;18243.2109077
174;18243.2109077
176;18243.2109077
178;18243.2109077
180;18243.2109077
182;18243.2109077
184;18243.2109077
186;18243.2109077
188;18243.2109077
190;18243.2109077
192;18243.2109077
194;18243.2109077
196;18243.2109077
198;18243.2109077
200;18243.2109077
202;18243.2109077
204;18243.2109077
206;18243.2109077
208;18243.2109077
210;18243.2109077
212;17778.2946215
214;17778.2946215
216;17778.2946215
218;17778.2946215
220;17778.2946215
222;17778.2946215
224;17778.2946215
226;17778.2946215
228;17778.2946215
230;17778.2946215
232;17778.2946215
234;17778.2946215
236;17778.2946215
238;17778.2946215
240;17778.2946215
242;17778.2946215
244;17778.2946215
246;17778.2946215
248;17778.2946215
250;17644.8947221
252;17644.8947221
254;17644.8947221
256;17644.8947221
258;17644.8947221
260;17644.8947221
262;17644.8947221
264;17644.8947221
266;17644.8947221
268;17644.8947221
270;17644.8947221
272;17644.8947221
274;17644.8947221
276;17613.736991
278;17234.7307239
280;17234.7307239
282;17234.7307239
284;17234.7307239
286;17234.7307239
288;17234.7307239
290;17234.7307239
292;17234.7307239
294;17234.7307239
296;17234.7307239
298;17234.7307239
300;17234.7307239
302;17234.7307239
304;17234.7307239
306;17234.7307239
308;17234.7307239
310;17234.7307239
312;17102.0473544
314;17102.0473544
316;16342.4274271
318;16342.4274271
320;16342.4274271
322;16342.4274271
324;16342.4274271
326;16342.4274271
328;16342.4274271
330;16342.4274271
332;16342.4274271
334;16342.4274271
336;16342.4274271
338;16342.4274271
340;16342.4274271
342;16342.4274271
344;16342.4274271
346;16342.4274271
348;16342.4274271
350;16342.4274271
352;16342.4274271
354;16342.4274271
356;16342.4274271
358;16342.4274271
360;16342.4274271
362;16342.4274271
364;16342.4274271
366;16306.6612652
368;16306.6612652
370;16021.4881425
372;16021.4881425
374;16015.2577586
376;16015.2577586
378;16015.2577586
380;15908.1363244
382;15908.1363244
384;15908.1363244
386;15883.2599399
388;15883.2599399
390;15883.2599399
392;15883.2599399
394;15883.2599399
396;15713.7736955
398;15713.7736955
400;15713.7736955
402;15713.7736955
404;15713.7736955
406;15713.7736955
408;15534.8872254
410;15534.8872254
412;15534.8872254
414;15534.8872254
416;15534.8872254
418;15534.8872254
420;15513.8725107
422;15513.8725107
424;15513.8725107
426;15510.2618791
428;15510.2618791
430;15503.0697175
432;15503.0697175
434;15503.0697175
436;15455.96762
438;15455.96762
440;15455.96762
442;15374.9090053
444;15254.1295088
446;15254.1295088
448;15254.1295088
450;15089.7539283
452;15089.7539283
454;15089.7539283
456;15089.7539283
458;14978.4857646
460;14978.4857646
462;14978.4857646
464;14978.4857646
466;14978.4857646
468;14764.9463161
470;14764.9463161
472;14764.9463161
474;14735.4037259
476;14704.2459948
478;14617.3473645
480;14617.3473645
482;14617.3473645
484;14617.3473645
486;14617.3473645
488;14617.3473645
490;14617.3473645
492;14617.3473645
494;14617.3473645
496;14610.8443617
498;14610.8443617
500;14610.8443617
502;14610.8443617
504;14589.6338388
506;14375.8717551
508;14375.8717551
510;14375.8717551
512;14375.8717551
514;14375.8717551
516;14187.0645856
518;14187.0645856
520;14187.0645856
522;14187.0645856
524;14187.0645856
526;14187.0645856
528;14187.0645856
530;14187.0645856
532;14187.0645856
534;14187.0645856
536;14187.0645856
538;14187.0645856
540;14187.0645856
542;14053.3312669
544;14053.3312669
546;14053.3312669
548;14053.3312669
550;14053.3312669
552;14053.3312669
554;14053.3312669
556;14053.3312669
558;13980.9171813
560;13746.4308034
562;13746.4308034
564;13590.1314242
566;13590.1314242
568;13590.1314242
570;13590.1314242
572;13590.1314242
574;13590.1314242
576;13590.1314242
578;13590.1314242
580;13590.1314242
582;13590.1314242
584;13590.1314242
586;13590.1314242
588;13590.1314242
590;13590.1314242
592;13590.1314242
594;13590.1314242
596;13536.279525
598;13536.279525
600;13536.279525
602;13536.279525
604;13536.279525
606;13536.279525
608;13536.279525
610;13536.279525
612;13536.279525
614;13536.279525
616;13536.279525
618;13483.1053982
620;13483.1053982
622;13483.1053982
624;13483.1053982
626;13483.1053982
628;13483.1053982
630;13367.5784289
632;13367.5784289
634;13367.5784289
636;13367.5784289
638;13367.5784289
640;13367.5784289
642;13367.5784289
644;13367.5784289
646;13367.5784289
648;13367.5784289
650;13367.5784289
652;13367.5784289
654;13367.5784289
656;13367.5784289
658;13286.5469752
660;13088.5167347
662;13088.5167347
664;13088.5167347
666;13088.5167347
668;13088.5167347
670;13088.5167347
672;13088.5167347
674;13088.5167347
676;13036.0664772
678;13036.0664772
680;13036.0664772
682;13036.0664772
684;13036.0664772
686;12964.137191
688;12964.137191
690;12964.137191
692;12943.5678836
694;12943.5678836
696;12943.5678836
698;12943.5678836
700;12943.5678836
702;12943.5678836
704;12805.0770158
706;12805.0770158
708;12805.0770158
710;12805.0770158
712;12688.1008412
714;12688.1008412
716;12688.1008412
718;12688.1008412
720;12688.1008412
722;12688.1008412
724;12688.1008412
726;12621.997354
728;12621.8909935
730;12621.8909935
732;12621.8909935
734;12621.8909935
736;12621.8909935
738;12621.8909935
740;12621.8909935
742;12613.1447796
744;12613.1447796
746;12513.8107106
748;12513.8107106
750;12513.8107106
752;12513.8107106
754;12513.8107106
756;12513.8107106
758;12513.8107106
760;12513.8107106
762;12438.7482885
764;12438.7482885
766;12438.7482885
768;12435.6151526
770;12435.6151526
772;12435.6151526
774;12435.6151526
776;12435.6151526
778;12435.6151526
780;12435.6151526
782;12435.6151526
784;12435.6151526
786;12435.6151526
788;12435.6151526
790;12435.6151526
792;12435.6151526
794;12369.4053049
796;12369.4053049
798;12369.4053049
800;12369.4053049
802;12369.4053049
804;12369.4053049
806;12369.4053049
808;12369.4053049
810;12369.4053049
812;12369.4053049
814;12369.4053049
816;12369.4053049
818;12369.4053049
820;12361.5629781
822;12361.5629781
824;12361.5629781
826;12361.5629781
828;12361.5629781
830;12361.5629781
832;12361.5629781
834;12361.5629781
836;12361.5629781
838;12361.5629781
840;12361.5629781
842;12361.5629781
844;12361.5629781
846;12361.5629781
848;12361.5629781
850;12361.5629781
852;12361.5629781
854;12361.5629781
856;12361.5629781
858;12361.5629781
860;12361.5629781
862;12342.9716133
864;12342.9716133
866;12342.9716133
868;12342.9716133
870;12342.9716133
872;12342.9716133
874;12342.9716133
876;12342.9716133
878;12342.9716133
880;12342.9716133
882;12342.9716133
884;12342.9716133
886;12342.9716133
888;12342.9716133
890;12342.9716133
892;12342.9716133
894;12335.1292865
896;12335.1292865
898;12335.1292865
900;12335.1292865
902;12335.1292865
904;12335.1292865
906;12335.1292865
908;12335.1292865
910;12335.1292865
912;12335.1292865
914;12335.1292865
916;12335.1292865
918;12335.1292865
920;12335.1292865
922;12335.1292865
924;12335.1292865
926;12335.1292865
928;12335.1292865
930;12335.1292865
932;12335.1292865
934;12335.1292865
936;12335.1292865
938;12335.1292865
940;12335.1292865
942;12335.1292865
944;12335.1292865
946;12335.1292865
948;12335.1292865
950;12335.1292865
952;12335.1292865
954;12335.1292865
956;12335.1292865
958;12335.1292865
960;12335.1292865
962;12334.9895501
964;12334.9895501
966;12334.9895501
968;12334.9895501
970;12334.9895501
972;12334.9895501
974;12334.9895501
976;12334.9895501
978;12334.9895501
980;12334.9895501
982;12334.9895501
984;12334.9895501
986;12334.9895501
988;12334.9895501
990;12334.9895501
992;12334.9895501
994;12334.9895501
996;12334.9895501
998;12334.9895501
1000;12334.9895501
1002;12334.9895501
1004;12334.9895501
1006;12334.9895501
1008;12334.9895501
1010;12334.9895501
1012;12334.9895501
1014;12334.9895501
1016;12334.9895501
1018;12334.9895501
1020;12334.9895501
1022;12334.9895501
1024;12334.9895501
1026;12334.9895501
1028;12334.9895501
1030;12334.9895501
1032;12334.9895501
1034;12334.9895501
1036;12334.9895501
1038;12334.9895501
1040;12334.9895501
1042;12334.9895501
1044;12334.9895501
1046;12334.9895501
1048;12334.9895501
1050;12334.9895501
1052;12334.9895501
1054;12334.9895501
1056;12334.9895501
1058;12334.9895501
1060;12334.9895501
1062;12334.9895501
1064;12334.9895501
1066;12334.9895501
1068;12334.9895501
1070;12334.9895501
1072;12334.9895501
1074;12334.9895501
1076;12334.9895501
1078;12334.9895501
1080;12334.9895501
1082;12334.9895501
1084;12334.9895501
1086;12334.9895501
1088;12334.9895501
1090;12334.9895501
1092;12334.9895501
1094;12334.9895501
1096;12334.9895501
1098;12334.9895501
1100;12334.9895501
1102;12334.9895501
1104;12334.9895501
1106;12334.9895501
1108;12334.9895501
1110;12334.9895501
1112;12334.9895501
1114;12334.9895501
1116;12334.9895501
1118;12334.9895501
1120;12334.9895501
1122;12334.9895501
1124;12334.9895501
1126;12334.9895501
1128;12334.9895501
1130;12334.9895501
1132;12334.9895501
1134;12334.9895501
1136;12334.9895501
1138;12334.9895501
1140;12334.9895501
1142;12334.9895501
1144;12334.9895501
1146;12334.9895501
1148;12334.9895501
1150;12334.9895501
1152;12334.9895501
1154;12334.9895501
1156;12334.9895501
1158;12334.9895501
1160;12334.9895501
1162;12334.9895501
1164;12334.9895501
1166;12334.9895501
1168;12334.9895501
1170;12334.9895501
1172;12334.9895501
1174;12334.9895501
1176;12334.9895501
1178;12334.9895501
1180;12334.9895501
1182;12334.9895501
1184;12334.9895501
1186;12334.9895501
1188;12334.9895501
1190;12334.9895501
1192;12334.9895501
1194;12334.9895501
1196;12334.9895501
1198;12334.9895501
1200;12334.9895501
1202;12334.9895501
1204;12334.9895501
1206;12334.9895501
1208;12334.9895501
1210;12334.9895501
1212;12334.9895501
1214;12334.9895501
1216;12334.9895501
1218;12334.9895501
1220;12334.9895501
1222;12334.9895501
1224;12334.9895501
1226;12334.9895501
1228;12334.9895501
1230;12334.9895501
1232;12334.9895501
1234;12334.9895501
1236;12334.9895501
1238;12334.9895501
1240;12334.9895501
1242;12334.9895501
1244;12334.9895501
1246;12334.9895501
1248;12334.9895501
1250;12334.9895501
1252;12334.9895501
1254;12334.9895501
1256;12334.9895501
1258;12334.9895501
1260;12334.9895501
1262;12334.9895501
1264;12334.9895501
1266;12334.9895501
1268;12334.9895501
1270;12334.9895501
1272;12334.9895501
1274;12334.9895501
1276;12334.9895501
1278;12334.9895501
1280;12334.9895501
1282;12334.9895501
1284;12334.9895501
1286;12334.9895501
1288;12334.9895501
1290;12334.9895501
1292;12334.9895501
1294;12334.9895501
1296;12334.9895501
1298;12334.9895501
1300;12334.9895501
1302;12334.9895501
1304;12334.9895501
1306;12334.9895501
1308;12334.9895501
1310;12334.9895501
1312;12334.9895501
1314;12334.9895501
1316;12334.9895501
1318;12334.9895501
1320;12334.9895501
1322;12334.9895501
1324;12334.9895501
1326;12334.9895501
1328;12334.9895501
1330;12334.9895501
1332;12334.9895501
1334;12334.9895501
1336;12334.9895501
1338;12334.9895501
1340;12334.9895501
1342;12334.9895501
1344;12334.9895501
1346;12334.9895501
1348;12334.9895501
1350;12334.9895501
1352;12334.9895501
1354;12334.9895501
1356;12334.9895501
1358;12334.9895501
1360;12334.9895501
1362;12334.9895501
1364;12334.9895501
1366;12334.9895501
1368;12334.9895501
1370;12334.9895501
1372;12334.9895501
1374;12334.9895501
1376;12334.9895501
1378;12334.9895501
1380;12334.9895501
1382;12334.9895501
1384;12334.9895501
1386;12334.9895501
1388;12334.9895501
1390;12334.9895501
1392;12334.9895501
1394;12334.9895501
1396;12334.9895501
1398;12334.9895501
1400;12334.9895501
1402;12334.9895501
1404;12334.9895501
1406;12334.9895501
1408;12334.9895501
1410;12334.9895501
1412;12334.9895501
1414;12334.9895501
1416;12334.9895501
1418;12334.9895501
1420;12334.9895501
1422;12334.9895501
1424;12334.9895501
1426;12334.9895501
1428;12334.9895501
1430;12334.9895501
1432;12334.9895501
1434;12334.9895501
1436;12334.9895501
1438;12334.9895501
1440;12334.9895501
1442;12334.9895501
1444;12334.9895501
1446;12334.9895501
1448;12334.9895501
1450;12334.9895501
1452;12334.9895501
1454;12334.9895501
1456;12334.9895501
1458;12334.9895501
1460;12334.9895501
1462;12334.9895501
1464;12334.9895501
1466;12334.9895501
1468;12334.9895501
1470;12334.9895501
1472;12334.9895501
1474;12334.9895501
1476;12334.9895501
1478;12334.9895501
1480;12334.9895501
1482;12334.9895501
1484;12334.9895501
1486;12334.9895501
1488;12334.9895501
1490;12334.9895501
1492;12334.9895501
1494;12334.9895501
1496;12334.9895501
1498;12334.9895501
1500;12334.9895501
1502;12334.9895501
1504;12334.9895501
1506;12334.9895501
1508;12334.9895501
1510;12334.9895501
1512;12334.9895501
1514;12334.9895501
1516;12334.9895501
1518;12334.9895501
1520;12334.9895501
1522;12334.9895501
1524;12334.9895501
1526;12334.9895501
1528;12334.9895501
1530;12334.9895501
1532;12334.9895501
1534;12334.9895501
1536;12334.9895501
1538;12334.9895501
1540;12334.9895501
1542;12334.9895501
1544;12334.9895501
1546;12334.9895501
1548;12334.9895501
1550;12334.9895501
1552;12334.9895501
1554;12334.9895501
1556;12334.9895501
1558;12334.9895501
1560;12334.9895501
1562;12334.9895501
1564;12334.9895501
1566;12334.9895501
1568;12334.9895501
1570;12334.9895501
1572;12334.9895501
1574;12334.9895501
1576;12334.9895501
1578;12334.9895501
1580;12334.9895501
1582;12334.9895501
1584;12334.9895501
1586;12334.9895501
1588;12334.9895501
1590;12334.9895501
1592;12334.9895501
1594;12334.9895501
1596;12334.9895501
1598;12334.9895501
1600;12334.9895501
1602;12334.9895501
1604;12334.9895501
1606;12334.9895501
1608;12334.9895501
1610;12334.9895501
1612;12334.9895501
1614;12334.9895501
1616;12334.9895501
1618;12334.9895501
1620;12334.9895501
1622;12334.9895501
1624;12334.9895501
1626;12334.9895501
1628;12334.9895501
1630;12334.9895501
1632;12334.9895501
1634;12334.9895501
1636;12334.9895501
1638;12334.9895501
1640;12334.9895501
1642;12334.9895501
1644;12334.9895501
1646;12334.9895501
1648;12334.9895501
1650;12334.9895501
1652;12334.9895501
1654;12334.9895501
1656;12334.9895501
1658;12334.9895501
1660;12334.9895501
1662;12334.9895501
1664;12334.9895501
1666;12334.9895501
1668;12334.9895501
1670;12334.9895501
1672;12334.9895501
1674;12334.9895501
1676;12334.9895501
1678;12334.9895501
1680;12334.9895501
1682;12334.9895501
1684;12334.9895501
1686;12334.9895501
1688;12334.9895501
1690;12334.9895501
1692;12334.9895501
1694;12334.9895501
1696;12334.9895501
1698;12334.9895501
1700;12334.9895501
1702;12334.9895501
1704;12334.9895501
1706;12334.9895501
1708;12334.9895501
1710;12334.9895501
1712;12334.9895501
1714;12334.9895501
1716;12334.9895501
1718;12334.9895501
1720;12334.9895501
1722;12334.9895501
1724;12334.9895501
1726;12334.9895501
1728;12334.9895501
1730;12334.9895501
1732;12334.9895501
1734;12334.9895501
1736;12334.9895501
1738;12334.9895501
1740;12334.9895501
1742;12334.9895501
1744;12334.9895501
1746;12334.9895501
1748;12334.9895501
1750;12334.9895501
1752;12334.9895501
1754;12334.9895501
1756;12334.9895501
1758;12334.9895501
1760;12334.9895501
1762;12334.9895501
1764;12334.9895501
1766;12334.9895501
1768;12334.9895501
1770;12334.9895501
1772;12334.9895501
1774;12334.9895501
1776;12334.9895501
1778;12334.9895501
1780;12334.9895501
1782;12334.9895501
1784;12334.9895501
1786;12334.9895501
1788;12334.9895501
1790;12334.9895501
1792;12334.9895501
1794;12334.9895501
1796;12334.9895501
1798;12334.9895501
1800;12334.9895501
1802;12334.9895501
1804;12334.9895501
1806;12334.9895501
1808;12334.9895501
1810;12334.9895501
1812;12334.9895501
1814;12334.9895501
1816;12334.9895501
1818;12334.9895501
1820;12334.9895501
1822;12334.9895501
1824;12334.9895501
1826;12334.9895501
1828;12334.9895501
1830;12334.9895501
1832;12334.9895501
1834;12334.9895501
1836;12334.9895501
1838;12334.9895501
1840;12334.9895501
1842;12334.9895501
1844;12334.9895501
1846;12334.9895501
1848;12334.9895501
1850;12334.9895501
1852;12334.9895501
1854;12334.9895501
1856;12334.9895501
1858;12334.9895501
1860;12334.9895501
1862;12334.9895501
1864;12334.9895501
1866;12334.9895501
1868;12334.9895501
1870;12334.9895501
1872;12334.9895501
1874;12334.9895501
1876;12334.9895501
1878;12334.9895501
1880;12334.9895501
1882;12334.9895501
1884;12334.9895501
1886;12334.9895501
1888;12334.9895501
1890;12334.9895501
1892;12334.9895501
1894;12334.9895501
1896;12334.9895501
1898;12334.9895501
1900;12334.9895501
1902;12334.9895501
1904;12334.9895501
1906;12334.9895501
1908;12334.9895501
1910;12334.9895501
1912;12334.9895501
1914;12334.9895501
1916;12334.9895501
1918;12334.9895501
1920;12334.9895501
1922;12334.9895501
1924;12334.9895501
1926;12334.9895501
1928;12334.9895501
1930;12334.9895501
1932;12334.9895501
1934;12334.9895501
1936;12334.9895501
1938;12334.9895501
1940;12334.9895501
1942;12334.9895501
1944;12334.9895501
1946;12334.9895501
1948;12334.9895501
1950;12334.9895501
1952;12334.9895501
1954;12334.9895501
1956;12334.9895501
1958;12334.9895501
1960;12334.9895501
1962;12334.9895501
1964;12334.9895501
1966;12334.9895501
1968;12334.9895501
1970;12334.9895501
1972;12334.9895501
1974;12334.9895501
1976;12334.9895501
1978;12334.9895501
1980;12334.9895501
1982;12334.9895501
1984;12334.9895501
1986;12334.9895501
1988;12334.9895501
1990;12334.9895501
1992;12334.9895501
1994;12334.9895501
1996;12334.9895501
1998;12334.9895501
2000;12334.9895501
2002;12334.9895501
2004;12334.9895501
2006;12334.9895501
2008;12334.9895501
2010;12334.9895501
2012;12334.9895501
2014;12334.9895501
2016;12334.9895501
2018;12334.9895501
2020;12334.9895501
2022;12334.9895501
2024;12334.9895501
2026;12334.9895501
2028;12334.9895501
2030;12334.9895501
2032;12334.9895501
2034;12334.9895501
2036;12334.9895501
2038;12334.9895501
2040;12334.9895501
2042;12334.9895501
2044;12334.9895501
2046;12334.9895501
2048;12334.9895501
2050;12334.9895501
2052;12334.9895501
2054;12334.9895501
2056;12334.9895501
2058;12334.9895501
2060;12334.9895501
2062;12334.9895501
2064;12334.9895501
2066;12334.9895501
2068;12334.9895501
2070;12334.9895501
2072;12334.9895501
2074;12334.9895501
2076;12334.9895501
2078;12334.9895501
2080;12334.9895501
2082;12334.9895501
2084;12334.9895501
2086;12334.9895501
2088;12334.9895501
2090;12334.9895501
2092;12334.9895501
2094;12334.9895501
2096;12334.9895501
2098;12334.9895501
2100;12334.9895501
2102;12334.9895501
2104;12334.9895501
2106;12334.9895501
2108;12334.9895501
2110;12334.9895501
2112;12334.9895501
2114;12334.9895501
2116;12334.9895501
2118;12334.9895501
2120;12334.9895501
2122;12334.9895501
2124;12334.9895501
2126;12334.9895501
2128;12334.9895501
2130;12334.9895501
2132;12334.9895501
2134;12334.9895501
2136;12334.9895501
2138;12334.9895501
2140;12334.9895501
2142;12334.9895501
2144;12334.9895501
2146;12334.9895501
2148;12334.9895501
2150;12334.9895501
2152;12334.9895501
2154;12334.9895501
2156;12334.9895501
2158;12334.9895501
2160;12334.9895501
2162;12334.9895501
2164;12334.9895501
2166;12334.9895501
2168;12334.9895501
2170;12334.9895501
2172;12334.9895501
2174;12334.9895501
2176;12334.9895501
2178;12334.9895501
2180;12334.9895501
2182;12334.9895501
2184;12334.9895501
2186;12334.9895501
2188;12334.9895501
2190;12334.9895501
2192;12334.9895501
2194;12334.9895501
2196;12334.9895501
2198;12334.9895501
2200;12334.9895501
2202;12334.9895501
2204;12334.9895501
2206;12334.9895501
2208;12334.9895501
2210;12334.9895501
2212;12334.9895501
2214;12334.9895501
2216;12334.9895501
2218;12334.9895501
2220;12334.9895501
2222;12334.9895501
2224;12334.9895501
2226;12334.9895501
2228;12334.9895501
2230;12334.9895501
2232;12334.9895501
2234;12334.9895501
2236;12334.9895501
2238;12334.9895501
2240;12334.9895501
2242;12334.9895501
2244;12334.9895501
2246;12334.9895501
2248;12334.9895501
2250;12334.9895501
2252;12334.9895501
2254;12334.9895501
2256;12334.9895501
2258;12334.9895501
2260;12334.9895501
2262;12334.9895501
2264;12334.9895501
2266;12334.9895501
2268;12334.9895501
2270;12334.9895501
2272;12334.9895501
2274;12334.9895501
2276;12334.9895501
2278;12334.9895501
2280;12334.9895501
2282;12334.9895501
2284;12334.9895501
2286;12334.9895501
2288;12334.9895501
2290;12334.9895501
2292;12334.9895501
2294;12334.9895501
2296;12334.9895501
2298;12334.9895501
2300;12334.9895501
2302;12334.9895501
2304;12334.9895501
2306;12334.9895501
2308;12334.9895501
2310;12334.9895501
2312;12334.9895501
2314;12334.9895501
2316;12334.9895501
2318;12334.9895501
2320;12334.9895501
2322;12334.9895501
2324;12334.9895501
2326;12334.9895501
2328;12334.9895501
2330;12334.9895501
2332;12334.9895501
2334;12334.9895501
2336;12334.9895501
2338;12334.9895501
2340;12334.9895501
2342;12334.9895501
2344;12334.9895501
2346;12334.9895501
2348;12334.9895501
2350;12334.9895501
2352;12334.9895501
2354;12334.9895501
2356;12334.9895501
2358;12334.9895501
2360;12334.9895501
2362;12334.9895501
2364;12334.9895501
2366;12334.9895501
2368;12334.9895501
2370;12334.9895501
2372;12334.9895501
2374;12334.9895501
2376;12334.9895501
2378;12334.9895501
2380;12334.9895501
2382;12334.9895501
2384;12334.9895501
2386;12334.9895501
2388;12334.9895501
2390;12334.9895501
2392;12334.9895501
2394;12334.9895501
2396;12334.9895501
2398;12334.9895501
2400;12334.9895501
2402;12334.9895501
2404;12334.9895501
2406;12334.9895501
2408;12334.9895501
2410;12334.9895501
2412;12334.9895501
2414;12334.9895501
2416;12334.9895501
2418;12334.9895501
2420;12334.9895501
2422;12334.9895501
2424;12334.9895501
2426;12334.9895501
2428;12334.9895501
2430;12334.9895501
2432;12334.9895501
2434;12334.9895501
2436;12334.9895501
2438;12334.9895501
2440;12334.9895501
2442;12334.9895501
2444;12334.9895501
2446;12334.9895501
2448;12334.9895501
2450;12334.9895501
2452;12334.9895501
2454;12334.9895501
2456;12334.9895501
2458;12334.9895501
2460;12334.9895501
2462;12334.9895501
2464;12334.9895501
2466;12334.9895501
2468;12334.9895501
2470;12334.9895501
2472;12334.9895501
2474;12334.9895501
2476;12334.9895501
2478;12334.9895501
2480;12334.9895501
2482;12334.9895501
2484;12334.9895501
2486;12334.9895501
2488;12334.9895501
2490;12334.9895501
2492;12334.9895501
2494;12334.9895501
2496;12334.9895501
2498;12334.9895501
2500;12334.9895501
2502;12334.9895501
2504;12334.9895501
2506;12334.9895501
2508;12334.9895501
2510;12334.9895501
2512;12334.9895501
2514;12334.9895501
2516;12334.9895501
2518;12334.9895501
2520;12334.9895501
2522;12334.9895501
2524;12334.9895501
2526;12334.9895501
2528;12334.9895501
2530;12334.9895501
2532;12334.9895501
2534;12334.9895501
2536;12334.9895501
2538;12334.9895501
2540;12334.9895501
2542;12334.9895501
2544;12334.9895501
2546;12334.9895501
2548;12334.9895501
2550;12334.9895501
2552;12334.9895501
2554;12334.9895501
2556;12334.9895501
2558;12334.9895501
2560;12334.9895501
2562;12334.9895501
2564;12334.9895501
2566;12334.9895501
2568;12334.9895501
2570;12334.9895501
2572;12334.9895501
2574;12334.9895501
2576;12334.9895501
2578;12334.9895501
2580;12334.9895501
2582;12334.9895501
2584;12334.9895501
2586;12334.9895501
2588;12334.9895501
2590;12334.9895501
2592;12334.9895501
2594;12334.9895501
2596;12334.9895501
2598;12334.9895501
2600;12334.9895501
2602;12334.9895501
2604;12334.9895501
2606;12334.9895501
2608;12334.9895501
2610;12334.9895501
2612;12334.9895501
2614;12334.9895501
2616;12334.9895501
2618;12334.9895501
2620;12334.9895501
2622;12334.9895501
2624;12334.9895501
2626;12334.9895501
2628;12334.9895501
2630;12334.9895501
2632;12334.9895501
2634;12334.9895501
2636;12334.9895501
2638;12334.9895501
2640;12334.9895501
2642;12334.9895501
2644;12334.9895501
2646;12334.9895501
2648;12334.9895501
2650;12334.9895501
2652;12334.9895501
2654;12334.9895501
2656;12334.9895501
2658;12334.9895501
2660;12334.9895501
2662;12334.9895501
2664;12334.9895501
2666;12334.9895501
2668;12334.9895501
2670;12334.9895501
2672;12334.9895501
2674;12334.9895501
2676;12334.9895501
2678;12334.9895501
2680;12334.9895501
2682;12334.9895501
2684;12334.9895501
2686;12334.9895501
2688;12334.9895501
2690;12334.9895501
2692;12334.9895501
2694;12334.9895501
2696;12334.9895501
2698;12334.9895501
2700;12334.9895501
2702;12334.9895501
2704;12334.9895501
2706;12334.9895501
2708;12334.9895501
2710;12334.9895501
2712;12334.9895501
2714;12334.9895501
2716;12334.9895501
2718;12334.9895501
2720;12334.9895501
2722;12334.9895501
2724;12334.9895501
2726;12334.9895501
2728;12334.9895501
2730;12334.9895501
2732;12334.9895501
2734;12334.9895501
2736;12334.9895501
2738;12334.9895501
2740;12334.9895501
2742;12334.9895501
2744;12334.9895501
2746;12334.9895501
2748;12334.9895501
2750;12334.9895501
2752;12334.9895501
2754;12334.9895501
2756;12334.9895501
2758;12334.9895501
2760;12334.9895501
2762;12334.9895501
2764;12334.9895501
2766;12334.9895501
2768;12334.9895501
2770;12334.9895501
2772;12334.9895501
2774;12334.9895501
2776;12334.9895501
2778;12334.9895501
2780;12334.9895501
2782;12334.9895501
2784;12334.9895501
2786;12334.9895501
2788;12334.9895501
2790;12334.9895501
2792;12334.9895501
2794;12334.9895501
2796;12334.9895501
2798;12334.9895501
2800;12334.9895501
2802;12334.9895501
2804;12334.9895501
2806;12334.9895501
2808;12334.9895501
2810;12334.9895501
2812;12334.9895501
2814;12334.9895501
2816;12334.9895501
2818;12334.9895501
2820;12334.9895501
2822;12334.9895501
2824;12334.9895501
2826;12334.9895501
2828;12334.9895501
2830;12334.9895501
2832;12334.9895501
2834;12334.9895501
2836;12334.9895501
2838;12334.9895501
2840;12334.9895501
2842;12334.9895501
2844;12334.9895501
2846;12334.9895501
2848;12334.9895501
2850;12334.9895501
2852;12334.9895501
2854;12334.9895501
2856;12334.9895501
2858;12334.9895501
2860;12334.9895501
2862;12334.9895501
2864;12334.9895501
2866;12334.9895501
2868;12334.9895501
2870;12334.9895501
2872;12334.9895501
2874;12334.9895501
2876;12334.9895501
2878;12334.9895501
2880;12334.9895501
2882;12334.9895501
2884;12334.9895501
2886;12334.9895501
2888;12334.9895501
2890;12334.9895501
2892;12334.9895501
2894;12334.9895501
2896;12334.9895501
2898;12334.9895501
2900;12334.9895501
2902;12334.9895501
2904;12334.9895501
2906;12334.9895501
2908;12334.9895501
2910;12334.9895501
2912;12334.9895501
2914;12334.9895501
2916;12334.9895501
2918;12334.9895501
2920;12334.9895501
2922;12334.9895501
2924;12334.9895501
2926;12334.9895501
2928;12334.9895501
2930;12334.9895501
2932;12334.9895501
2934;12334.9895501
2936;12334.9895501
2938;12334.9895501
2940;12334.9895501
2942;12334.9895501
2944;12334.9895501
2946;12334.9895501
2948;12334.9895501
2950;12334.9895501
2952;12334.9895501
2954;12334.9895501
2956;12334.9895501
2958;12334.9895501
2960;12334.9895501
2962;12334.9895501
2964;12334.9895501
2966;12334.9895501
2968;12334.9895501
2970;12334.9895501
2972;12334.9895501
2974;12334.9895501
2976;12334.9895501
2978;12334.9895501
2980;12334.9895501
2982;12334.9895501
2984;12334.9895501
2986;12334.9895501
2988;12334.9895501
2990;12334.9895501
2992;12334.9895501
2994;12334.9895501
2996;12334.9895501
2998;12334.9895501
3000;12334.9895501
3002;12334.9895501
3004;12334.9895501
3006;12334.9895501
3008;12334.9895501
3010;12334.9895501
3012;12334.9895501
3014;12334.9895501
3016;12334.9895501
3018;12334.9895501
3020;12334.9895501
3022;12334.9895501
3024;12334.9895501
3026;12334.9895501
3028;12334.9895501
3030;12334.9895501
3032;12334.9895501
3034;12334.9895501
3036;12334.9895501
3038;12334.9895501
3040;12334.9895501
3042;12334.9895501
3044;12334.9895501
3046;12334.9895501
3048;12334.9895501
3050;12334.9895501
3052;12334.9895501
3054;12334.9895501
3056;12334.9895501
3058;12334.9895501
3060;12334.9895501
3062;12334.9895501
3064;12334.9895501
3066;12334.9895501
3068;12334.9895501
3070;12334.9895501
3072;12334.9895501
3074;12334.9895501
3076;12334.9895501
3078;12334.9895501
3080;12334.9895501
3082;12334.9895501
3084;12334.9895501
3086;12334.9895501
3088;12334.9895501
3090;12334.9895501
3092;12334.9895501
3094;12334.9895501
3096;12334.9895501
3098;12334.9895501
3100;12334.9895501
3102;12334.9895501
3104;12334.9895501
3106;12334.9895501
3108;12334.9895501
3110;12334.9895501
3112;12334.9895501
3114;12334.9895501
3116;12334.9895501
3118;12334.9895501
3120;12334.9895501
3122;12334.9895501
3124;12334.9895501
3126;12334.9895501
3128;12334.9895501
3130;12334.9895501
3132;12334.9895501
3134;12334.9895501
3136;12334.9895501
3138;12334.9895501
3140;12334.9895501
3142;12334.9895501
3144;12334.9895501
3146;12334.9895501
3148;12334.9895501
3150;12334.9895501
3152;12334.9895501
3154;12334.9895501
3156;12334.9895501
3158;12334.9895501
3160;12334.9895501
3162;12334.9895501
3164;12334.9895501
3166;12334.9895501
3168;12334.9895501
3170;12334.9895501
3172;12334.9895501
3174;12334.9895501
3176;12334.9895501
3178;12334.9895501
3180;12334.9895501
3182;12334.9895501
3184;12334.9895501
3186;12334.9895501
3188;12334.9895501
3190;12334.9895501
3192;12334.9895501
3194;12334.9895501
3196;12334.9895501
3198;12334.9895501
3200;12334.9895501
3202;12334.9895501
3204;12334.9895501
3206;12334.9895501
3208;12334.9895501
3210;12334.9895501
3212;12334.9895501
3214;12334.9895501
3216;12334.9895501
3218;12334.9895501
3220;12334.9895501
3222;12334.9895501
3224;12334.9895501
3226;12334.9895501
3228;12334.9895501
3230;12334.9895501
3232;12334.9895501
3234;12334.9895501
3236;12334.9895501
3238;12334.9895501
3240;12334.9895501
3242;12334.9895501
3244;12334.9895501
3246;12334.9895501
3248;12334.9895501
3250;12334.9895501
3252;12334.9895501
3254;12334.9895501
3256;12334.9895501
3258;12334.9895501
3260;12334.9895501
3262;12334.9895501
3264;12334.9895501
3266;12334.9895501
3268;12334.9895501
3270;12334.9895501
3272;12334.9895501
3274;12334.9895501
3276;12334.9895501
3278;12334.9895501
3280;12334.9895501
3282;12334.9895501
3284;12334.9895501
3286;12334.9895501
3288;12334.9895501
3290;12334.9895501
3292;12334.9895501
3294;12334.9895501
3296;12334.9895501
3298;12334.9895501
3300;12334.9895501
3302;12334.9895501
3304;12334.9895501
3306;12334.9895501
3308;12334.9895501
3310;12334.9895501
3312;12334.9895501
3314;12334.9895501
3316;12334.9895501
3318;12334.9895501
3320;12334.9895501
3322;12334.9895501
3324;12334.9895501
3326;12334.9895501
3328;12334.9895501
3330;12334.9895501
3332;12334.9895501
3334;12334.9895501
3336;12334.9895501
3338;12334.9895501
3340;12334.9895501
3342;12334.9895501
3344;12334.9895501
3346;12334.9895501
3348;12334.9895501
3350;12334.9895501
3352;12334.9895501
3354;12334.9895501
3356;12334.9895501
3358;12334.9895501
3360;12334.9895501
3362;12334.9895501
3364;12334.9895501
3366;12334.9895501
3368;12334.9895501
3370;12334.9895501
3372;12334.9895501
3374;12334.9895501
3376;12334.9895501
3378;12334.9895501
3380;12334.9895501
3382;12334.9895501
3384;12334.9895501
3386;12334.9895501
3388;12334.9895501
3390;12334.9895501
3392;12334.9895501
3394;12334.9895501
3396;12334.9895501
3398;12334.9895501
3400;12334.9895501
3402;12334.9895501
3404;12334.9895501
3406;12334.9895501
3408;12334.9895501
3410;12334.9895501
3412;12334.9895501
3414;12334.9895501
3416;12334.9895501
3418;12334.9895501
3420;12334.9895501
3422;12334.9895501
3424;12334.9895501
3426;12334.9895501
3428;12334.9895501
3430;12334.9895501
3432;12334.9895501
3434;12334.9895501
3436;12334.9895501
3438;12334.9895501
3440;12334.9895501
3442;12334.9895501
3444;12334.9895501
3446;12334.9895501
3448;12334.9895501
3450;12334.9895501
3452;12334.9895501
3454;12334.9895501
3456;12334.9895501
3458;12334.9895501
3460;12334.9895501
3462;12334.9895501
3464;12334.9895501
3466;12334.9895501
3468;12334.9895501
3470;12334.9895501
3472;12334.9895501
3474;12334.9895501
3476;12334.9895501
3478;12334.9895501
3480;12334.9895501
3482;12334.9895501
3484;12334.9895501
3486;12334.9895501
3488;12334.9895501
3490;12334.9895501
3492;12334.9895501
3494;12334.9895501
3496;12334.9895501
3498;12334.9895501
3500;12334.9895501
3502;12334.9895501
3504;12334.9895501
3506;12334.9895501
3508;12334.9895501
3510;12334.9895501
3512;12334.9895501
3514;12334.9895501
3516;12334.9895501
3518;12334.9895501
3520;12334.9895501
3522;12334.9895501
3524;12334.9895501
3526;12334.9895501
3528;12334.9895501
3530;12334.9895501
3532;12334.9895501
3534;12334.9895501
3536;12334.9895501
3538;12334.9895501
3540;12334.9895501
3542;12334.9895501
3544;12334.9895501
3546;12334.9895501
3548;12334.9895501
3550;12334.9895501
3552;12334.9895501
3554;12334.9895501
3556;12334.9895501
3558;12334.9895501
3560;12334.9895501
3562;12334.9895501
3564;12334.9895501
3566;12334.9895501
3568;12334.9895501
3570;12334.9895501
3572;12334.9895501
3574;12334.9895501
3576;12334.9895501
3578;12334.9895501
3580;12334.9895501
3582;12334.9895501
3584;12334.9895501
3586;12334.9895501
3588;12334.9895501
3590;12334.9895501
3592;12334.9895501
3594;12334.9895501
3596;12334.9895501
3598;12334.9895501
3600;12334.9895501
3602;12334.9895501
3604;12334.9895501
3606;12334.9895501
3608;12334.9895501
3610;12334.9895501
3612;12334.9895501
3614;12334.9895501
3616;12334.9895501
3618;12334.9895501
3620;12334.9895501
3622;12334.9895501
3624;12334.9895501
3626;12334.9895501
3628;12334.9895501
3630;12334.9895501
3632;12334.9895501
3634;12334.9895501
3636;12334.9895501
3638;12334.9895501
3640;12334.9895501
3642;12334.9895501
3644;12334.9895501
3646;12334.9895501
3648;12334.9895501
3650;12334.9895501
3652;12334.9895501
3654;12334.9895501
3656;12334.9895501
3658;12334.9895501
3660;12334.9895501
3662;12334.9895501
3664;12334.9895501
3666;12334.9895501
3668;12334.9895501
3670;12334.9895501
3672;12334.9895501
3674;12334.9895501
3676;12334.9895501
3678;12334.9895501
3680;12334.9895501
3682;12334.9895501
3684;12334.9895501
3686;12334.9895501
3688;12334.9895501
3690;12334.9895501
3692;12334.9895501
3694;12334.9895501
3696;12334.9895501
3698;12334.9895501
3700;12334.9895501
3702;12334.9895501
3704;12334.9895501
3706;12334.9895501
3708;12334.9895501
3710;12334.9895501
3712;12334.9895501
3714;12334.9895501
3716;12334.9895501
3718;12334.9895501
3720;12334.9895501
3722;12334.9895501
3724;12334.9895501
3726;12334.9895501
3728;12334.9895501
3730;12334.9895501
3732;12334.9895501
3734;12334.9895501
3736;12334.9895501
3738;12334.9895501
3740;12334.9895501
3742;12334.9895501
3744;12334.9895501
3746;12334.9895501
3748;12334.9895501
3750;12334.9895501
3752;12334.9895501
3754;12334.9895501
3756;12334.9895501
3758;12334.9895501
3760;12334.9895501
3762;12334.9895501
3764;12334.9895501
3766;12334.9895501
3768;12334.9895501
3770;12334.9895501
3772;12334.9895501
3774;12334.9895501
3776;12334.9895501
3778;12334.9895501
3780;12334.9895501
3782;12334.9895501
3784;12334.9895501
3786;12334.9895501
3788;12334.9895501
3790;12334.9895501
3792;12334.9895501
3794;12334.9895501
3796;12334.9895501
3798;12334.9895501
3800;12334.9895501
3802;12334.9895501
3804;12334.9895501
3806;12334.9895501
3808;12334.9895501
3810;12334.9895501
3812;12334.9895501
3814;12334.9895501
3816;12334.9895501
3818;12334.9895501
3820;12334.9895501
3822;12334.9895501
3824;12334.9895501
3826;12334.9895501
3828;12334.9895501
3830;12334.9895501
3832;12334.9895501
3834;12334.9895501
3836;12334.9895501
3838;12334.9895501
3840;12334.9895501
3842;12334.9895501
3844;12334.9895501
3846;12334.9895501
3848;12334.9895501
3850;12334.9895501
3852;12334.9895501
3854;12334.9895501
3856;12334.9895501
3858;12334.9895501
3860;12334.9895501
3862;12334.9895501
3864;12334.9895501
3866;12334.9895501
3868;12334.9895501
3870;12334.9895501
3872;12334.9895501
3874;12334.9895501
3876;12334.9895501
3878;12334.9895501
3880;12334.9895501
3882;12334.9895501
3884;12334.9895501
3886;12334.9895501
3888;12334.9895501
3890;12334.9895501
3892;12334.9895501
3894;12334.9895501
3896;12334.9895501
3898;12334.9895501
3900;12334.9895501
3902;12334.9895501
3904;12334.9895501
3906;12334.9895501
3908;12334.9895501
3910;12334.9895501
3912;12334.9895501
3914;12334.9895501
3916;12334.9895501
3918;12334.9895501
3920;12334.9895501
3922;12334.9895501
3924;12334.9895501
3926;12334.9895501
3928;12334.9895501
3930;12334.9895501
3932;12334.9895501
3934;12334.9895501
3936;12334.9895501
3938;12334.9895501
3940;12334.9895501
3942;12334.9895501
3944;12334.9895501
3946;12334.9895501
3948;12334.9895501
3950;12334.9895501
3952;12334.9895501
3954;12334.9895501
3956;12334.9895501
3958;12334.9895501
3960;12334.9895501
3962;12334.9895501
3964;12334.9895501
3966;12334.9895501
3968;12334.9895501
3970;12334.9895501
3972;12334.9895501
3974;12334.9895501
3976;12334.9895501
3978;12334.9895501
3980;12334.9895501
3982;12334.9895501
3984;12334.9895501
3986;12334.9895501
3988;12334.9895501
3990;12334.9895501
3992;12334.9895501
3994;12334.9895501
3996;12334.9895501
3998;12334.9895501
4000;12334.9895501
4002;12334.9895501
4004;12334.9895501
4006;12334.9895501
4008;12334.9895501
4010;12334.9895501
4012;12334.9895501
4014;12334.9895501
4016;12334.9895501
4018;12334.9895501
4020;12334.9895501
4022;12334.9895501
4024;12334.9895501
4026;12334.9895501
4028;12334.9895501
4030;12334.9895501
4032;12334.9895501
4034;12334.9895501
4036;12334.9895501
4038;12334.9895501
4040;12334.9895501
4042;12334.9895501
4044;12334.9895501
4046;12334.9895501
4048;12334.9895501
4050;12334.9895501
4052;12334.9895501
4054;12334.9895501
4056;12334.9895501
4058;12334.9895501
4060;12334.9895501
4062;12334.9895501
4064;12334.9895501
4066;12334.9895501
4068;12334.9895501
4070;12334.9895501
4072;12334.9895501
4074;12334.9895501
4076;12334.9895501
4078;12334.9895501
4080;12334.9895501
4082;12334.9895501
4084;12334.9895501
4086;12334.9895501
4088;12334.9895501
4090;12334.9895501
4092;12334.9895501
4094;12334.9895501
4096;12334.9895501
4098;12334.9895501
4100;12334.9895501
4102;12334.9895501
4104;12334.9895501
4106;12334.9895501
4108;12334.9895501
4110;12334.9895501
4112;12334.9895501
4114;12334.9895501
4116;12334.9895501
4118;12334.9895501
4120;12334.9895501
4122;12334.9895501
4124;12334.9895501
4126;12334.9895501
4128;12334.9895501
4130;12334.9895501
4132;12334.9895501
4134;12334.9895501
4136;12334.9895501
4138;12334.9895501
4140;12334.9895501
4142;12334.9895501
4144;12334.9895501
4146;12334.9895501
4148;12334.9895501
4150;12334.9895501
4152;12334.9895501
4154;12334.9895501
4156;12334.9895501
4158;12334.9895501
4160;12334.9895501
4162;12334.9895501
4164;12334.9895501
4166;12334.9895501
4168;12334.9895501
4170;12334.9895501
4172;12334.9895501
4174;12334.9895501
4176;12334.9895501
4178;12334.9895501
4180;12334.9895501
4182;12334.9895501
4184;12334.9895501
4186;12334.9895501
4188;12334.9895501
4190;12334.9895501
4192;12334.9895501
4194;12334.9895501
4196;12334.9895501
4198;12334.9895501
4200;12334.9895501
4202;12334.9895501
4204;12334.9895501
4206;12334.9895501
4208;12334.9895501
4210;12334.9895501
4212;12334.9895501
4214;12334.9895501
4216;12334.9895501
4218;12334.9895501
4220;12334.9895501
4222;12334.9895501
4224;12334.9895501
4226;12334.9895501
4228;12334.9895501
4230;12334.9895501
4232;12334.9895501
4234;12334.9895501
4236;12334.9895501
4238;12334.9895501
4240;12334.9895501
4242;12334.9895501
4244;12334.9895501
4246;12334.9895501
4248;12334.9895501
4250;12334.9895501
4252;12334.9895501
4254;12334.9895501
4256;12334.9895501
4258;12334.9895501
4260;12334.9895501
4262;12334.9895501
4264;12334.9895501
4266;12334.9895501
4268;12334.9895501
4270;12334.9895501
4272;12334.9895501
4274;12334.9895501
4276;12334.9895501
4278;12334.9895501
4280;12334.9895501
4282;12334.9895501
4284;12334.9895501
4286;12334.9895501
4288;12334.9895501
4290;12334.9895501
4292;12334.9895501
4294;12334.9895501
4296;12334.9895501
4298;12334.9895501
4300;12334.9895501
4302;12334.9895501
4304;12334.9895501
4306;12334.9895501
4308;12334.9895501
4310;12334.9895501
4312;12334.9895501
4314;12334.9895501
4316;12334.9895501
4318;12334.9895501
4320;12334.9895501
4322;12334.9895501
4324;12334.9895501
4326;12334.9895501
4328;12334.9895501
4330;12334.9895501
4332;12334.9895501
4334;12334.9895501
4336;12334.9895501
4338;12334.9895501
4340;12334.9895501
4342;12334.9895501
4344;12334.9895501
4346;12334.9895501
4348;12334.9895501
4350;12334.9895501
4352;12334.9895501
4354;12334.9895501
4356;12334.9895501
4358;12334.9895501
4360;12334.9895501
4362;12334.9895501
4364;12334.9895501
4366;12334.9895501
4368;12334.9895501
4370;12334.9895501
4372;12334.9895501
4374;12334.9895501
4376;12334.9895501
4378;12334.9895501
4380;12334.9895501
4382;12334.9895501
4384;12334.9895501
4386;12334.9895501
4388;12334.9895501
4390;12334.9895501
4392;12334.9895501
4394;12334.9895501
4396;12334.9895501
4398;12334.9895501
4400;12334.9895501
4402;12334.9895501
4404;12334.9895501
4406;12334.9895501
4408;12334.9895501
4410;12334.9895501
4412;12334.9895501
4414;12334.9895501
4416;12334.9895501
4418;12334.9895501
4420;12334.9895501
4422;12334.9895501
4424;12334.9895501
4426;12334.9895501
4428;12334.9895501
4430;12334.9895501
4432;12334.9895501
4434;12334.9895501
4436;12334.9895501
4438;12334.9895501
4440;12334.9895501
4442;12334.9895501
4444;12334.9895501
4446;12334.9895501
4448;12334.9895501
4450;12334.9895501
4452;12334.9895501
4454;12334.9895501
4456;12334.9895501
4458;12334.9895501
4460;12334.9895501
4462;12334.9895501
4464;12334.9895501
4466;12334.9895501
4468;12334.9895501
4470;12334.9895501
4472;12334.9895501
4474;12334.9895501
4476;12334.9895501
4478;12334.9895501
4480;12334.9895501
4482;12334.9895501
4484;12334.9895501
4486;12334.9895501
4488;12334.9895501
4490;12334.9895501
4492;12334.9895501
4494;12334.9895501
4496;12334.9895501
4498;12334.9895501
4500;12334.9895501
4502;12334.9895501
4504;12334.9895501
4506;12334.9895501
4508;12334.9895501
4510;12334.9895501
4512;12334.9895501
4514;12334.9895501
4516;12334.9895501
4518;12334.9895501
4520;12334.9895501
4522;12334.9895501
4524;12334.9895501
4526;12334.9895501
4528;12334.9895501
4530;12334.9895501
4532;12334.9895501
4534;12334.9895501
4536;12334.9895501
4538;12334.9895501
4540;12334.9895501
4542;12334.9895501
4544;12334.9895501
4546;12334.9895501
4548;12334.9895501
4550;12334.9895501
4552;12334.9895501
4554;12334.9895501
4556;12334.9895501
4558;12334.9895501
4560;12334.9895501
4562;12334.9895501
4564;12334.9895501
4566;12334.9895501
4568;12334.9895501
4570;12334.9895501
4572;12334.9895501
4574;12334.9895501
4576;12334.9895501
4578;12334.9895501
4580;12334.9895501
4582;12334.9895501
4584;12334.9895501
4586;12334.9895501
4588;12334.9895501
4590;12334.9895501
4592;12334.9895501
4594;12334.9895501
4596;12334.9895501
4598;12334.9895501
4600;12334.9895501
4602;12334.9895501
4604;12334.9895501
4606;12334.9895501
4608;12334.9895501
4610;12334.9895501
4612;12334.9895501
4614;12334.9895501
4616;12334.9895501
4618;12334.9895501
4620;12334.9895501
4622;12334.9895501
4624;12334.9895501
4626;12334.9895501
4628;12334.9895501
4630;12334.9895501
4632;12334.9895501
4634;12334.9895501
4636;12334.9895501
4638;12334.9895501
4640;12334.9895501
4642;12334.9895501
4644;12334.9895501
4646;12334.9895501
4648;12334.9895501
4650;12334.9895501
4652;12334.9895501
4654;12334.9895501
4656;12334.9895501
4658;12334.9895501
4660;12334.9895501
4662;12334.9895501
4664;12334.9895501
4666;12334.9895501
4668;12334.9895501
4670;12334.9895501
4672;12334.9895501
4674;12334.9895501
4676;12334.9895501
4678;12334.9895501
4680;12334.9895501
4682;12334.9895501
4684;12334.9895501
4686;12334.9895501
4688;12334.9895501
4690;12334.9895501
4692;12334.9895501
4694;12334.9895501
4696;12334.9895501
4698;12334.9895501
4700;12334.9895501
4702;12334.9895501
4704;12334.9895501
4706;12334.9895501
4708;12334.9895501
4710;12334.9895501
4712;12334.9895501
4714;12334.9895501
4716;12334.9895501
4718;12334.9895501
4720;12334.9895501
4722;12334.9895501
4724;12334.9895501
4726;12334.9895501
4728;12334.9895501
4730;12334.9895501
4732;12334.9895501
4734;12334.9895501
4736;12334.9895501
4738;12334.9895501
4740;12334.9895501
4742;12334.9895501
4744;12334.9895501
4746;12334.9895501
4748;12334.9895501
4750;12334.9895501
4752;12334.9895501
4754;12334.9895501
4756;12334.9895501
4758;12334.9895501
4760;12334.9895501
4762;12334.9895501
4764;12334.9895501
4766;12334.9895501
4768;12334.9895501
4770;12334.9895501
4772;12334.9895501
4774;12334.9895501
4776;12334.9895501
4778;12334.9895501
4780;12334.9895501
4782;12334.9895501
4784;12334.9895501
4786;12334.9895501
4788;12334.9895501
4790;12334.9895501
4792;12334.9895501
4794;12334.9895501
4796;12334.9895501
4798;12334.9895501
4800;12334.9895501
4802;12334.9895501
4804;12334.9895501
4806;12334.9895501
4808;12334.9895501
4810;12334.9895501
4812;12334.9895501
4814;12334.9895501
4816;12334.9895501
4818;12334.9895501
4820;12334.9895501
4822;12334.9895501
4824;12334.9895501
4826;12334.9895501
4828;12334.9895501
4830;12334.9895501
4832;12334.9895501
4834;12334.9895501
4836;12334.9895501
4838;12334.9895501
4840;12334.9895501
4842;12334.9895501
4844;12334.9895501
4846;12334.9895501
4848;12334.9895501
4850;12334.9895501
4852;12334.9895501
4854;12334.9895501
4856;12334.9895501
4858;12334.9895501
4860;12334.9895501
4862;12334.9895501
4864;12334.9895501
4866;12334.9895501
4868;12334.9895501
4870;12334.9895501
4872;12334.9895501
4874;12334.9895501
4876;12334.9895501
4878;12334.9895501
4880;12334.9895501
4882;12334.9895501
4884;12334.9895501
4886;12334.9895501
4888;12334.9895501
4890;12334.9895501
4892;12334.9895501
4894;12334.9895501
4896;12334.9895501
4898;12334.9895501
4900;12334.9895501
4902;12334.9895501
4904;12334.9895501
4906;12334.9895501
4908;12334.9895501
4910;12334.9895501
4912;12334.9895501
4914;12334.9895501
4916;12334.9895501
4918;12334.9895501
4920;12334.9895501
4922;12334.9895501
4924;12334.9895501
4926;12334.9895501
4928;12334.9895501
4930;12334.9895501
4932;12334.9895501
4934;12334.9895501
4936;12334.9895501
4938;12334.9895501
4940;12334.9895501
4942;12334.9895501
4944;12334.9895501
4946;12334.9895501
4948;12334.9895501
4950;12334.9895501
4952;12334.9895501
4954;12334.9895501
4956;12334.9895501
4958;12334.9895501
4960;12334.9895501
4962;12334.9895501
4964;12334.9895501
4966;12334.9895501
4968;12334.9895501
4970;12334.9895501
4972;12334.9895501
4974;12334.9895501
4976;12334.9895501
4978;12334.9895501
4980;12334.9895501
4982;12334.9895501
4984;12334.9895501
4986;12334.9895501
4988;12334.9895501
4990;12334.9895501
4992;12334.9895501
4994;12334.9895501
4996;12334.9895501
4998;12334.9895501
5000;12334.9895501
5002;12334.9895501
5004;12334.9895501
5006;12334.9895501
5008;12334.9895501
5010;12334.9895501
5012;12334.9895501
5014;12334.9895501
5016;12334.9895501
5018;12334.9895501
5020;12334.9895501
5022;12334.9895501
5024;12334.9895501
5026;12334.9895501
5028;12334.9895501
5030;12334.9895501
5032;12334.9895501
5034;12334.9895501
5036;12334.9895501
5038;12334.9895501
5040;12334.9895501
5042;12334.9895501
5044;12334.9895501
5046;12334.9895501
5048;12334.9895501
5050;12334.9895501
5052;12334.9895501
5054;12334.9895501
5056;12334.9895501
5058;12334.9895501
5060;12334.9895501
5062;12334.9895501
5064;12334.9895501
5066;12334.9895501
5068;12334.9895501
5070;12334.9895501
5072;12334.9895501
5074;12334.9895501
5076;12334.9895501
5078;12334.9895501
5080;12334.9895501
5082;12334.9895501
5084;12334.9895501
5086;12334.9895501
5088;12334.9895501
5090;12334.9895501
5092;12334.9895501
5094;12334.9895501
5096;12334.9895501
5098;12334.9895501
5100;12334.9895501
5102;12334.9895501
5104;12334.9895501
5106;12334.9895501
5108;12334.9895501
5110;12334.9895501
5112;12334.9895501
5114;12334.9895501
5116;12334.9895501
5118;12334.9895501
5120;12334.9895501
5122;12334.9895501
5124;12334.9895501
5126;12334.9895501
5128;12334.9895501
5130;12334.9895501
5132;12334.9895501
5134;12334.9895501
5136;12334.9895501
5138;12334.9895501
5140;12334.9895501
5142;12334.9895501
5144;12334.9895501
5146;12334.9895501
5148;12334.9895501
5150;12334.9895501
5152;12334.9895501
5154;12334.9895501
5156;12334.9895501
5158;12334.9895501
5160;12334.9895501
5162;12334.9895501
5164;12334.9895501
5166;12334.9895501
5168;12334.9895501
5170;12334.9895501
5172;12334.9895501
5174;12334.9895501
5176;12334.9895501
5178;12334.9895501
5180;12334.9895501
5182;12334.9895501
5184;12334.9895501
5186;12334.9895501
5188;12334.9895501
5190;12334.9895501
5192;12334.9895501
5194;12334.9895501
5196;12334.9895501
5198;12334.9895501
5200;12334.9895501
5202;12334.9895501
5204;12334.9895501
5206;12334.9895501
5208;12334.9895501
5210;12334.9895501
5212;12334.9895501
5214;12334.9895501
5216;12334.9895501
5218;12334.9895501
5220;12334.9895501
5222;12334.9895501
5224;12334.9895501
5226;12334.9895501
5228;12334.9895501
5230;12334.9895501
5232;12334.9895501
5234;12334.9895501
5236;12334.9895501
5238;12334.9895501
5240;12334.9895501
5242;12334.9895501
5244;12334.9895501
5246;12334.9895501
5248;12334.9895501
5250;12334.9895501
5252;12334.9895501
5254;12334.9895501
5256;12334.9895501
5258;12334.9895501
5260;12334.9895501
5262;12334.9895501
5264;12334.9895501
5266;12334.9895501
5268;12334.9895501
5270;12334.9895501
5272;12334.9895501
5274;12334.9895501
5276;12334.9895501
5278;12334.9895501
5280;12334.9895501
5282;12334.9895501
5284;12334.9895501
5286;12334.9895501
5288;12334.9895501
5290;12334.9895501
5292;12334.9895501
5294;12334.9895501
5296;12334.9895501
5298;12334.9895501
5300;12334.9895501
5302;12334.9895501
5304;12334.9895501
5306;12334.9895501
5308;12334.9895501
5310;12334.9895501
5312;12334.9895501
5314;12334.9895501
5316;12334.9895501
5318;12334.9895501
5320;12334.9895501
5322;12334.9895501
5324;12334.9895501
5326;12334.9895501
5328;12334.9895501
5330;12334.9895501
5332;12334.9895501
5334;12334.9895501
5336;12334.9895501
5338;12334.9895501
5340;12334.9895501
5342;12334.9895501
5344;12334.9895501
5346;12334.9895501
5348;12334.9895501
5350;12334.9895501
5352;12334.9895501
5354;12334.9895501
5356;12334.9895501
5358;12334.9895501
5360;12334.9895501
5362;12334.9895501
5364;12334.9895501
5366;12334.9895501
5368;12334.9895501
5370;12334.9895501
5372;12334.9895501
5374;12334.9895501
5376;12334.9895501
5378;12334.9895501
5380;12334.9895501
5382;12334.9895501
5384;12334.9895501
5386;12334.9895501
5388;12334.9895501
5390;12334.9895501
5392;12334.9895501
5394;12334.9895501
5396;12334.9895501
5398;12334.9895501
5400;12334.9895501
5402;12334.9895501
5404;12334.9895501
5406;12334.9895501
5408;12334.9895501
5410;12334.9895501
5412;12334.9895501
5414;12334.9895501
5416;12334.9895501
5418;12334.9895501
5420;12334.9895501
5422;12334.9895501
5424;12334.9895501
5426;12334.9895501
5428;12334.9895501
5430;12334.9895501
5432;12334.9895501
5434;12334.9895501
5436;12334.9895501
5438;12334.9895501
5440;12334.9895501
5442;12334.9895501
5444;12334.9895501
5446;12334.9895501
5448;12334.9895501
5450;12334.9895501
5452;12334.9895501
5454;12334.9895501
5456;12334.9895501
5458;12334.9895501
5460;12334.9895501
5462;12334.9895501
5464;12334.9895501
5466;12334.9895501
5468;12334.9895501
5470;12334.9895501
5472;12334.9895501
5474;12334.9895501
5476;12334.9895501
5478;12334.9895501
5480;12334.9895501
5482;12334.9895501
5484;12334.9895501
5486;12334.9895501
5488;12334.9895501
5490;12334.9895501
5492;12334.9895501
5494;12334.9895501
5496;12334.9895501
5498;12334.9895501
5500;12334.9895501
5502;12334.9895501
5504;12334.9895501
5506;12334.9895501
5508;12334.9895501
5510;12334.9895501
5512;12334.9895501
5514;12334.9895501
5516;12334.9895501
5518;12334.9895501
5520;12334.9895501
5522;12334.9895501
5524;12334.9895501
5526;12334.9895501
5528;12334.9895501
5530;12334.9895501
5532;12334.9895501
5534;12334.9895501
5536;12334.9895501
5538;12334.9895501
5540;12334.9895501
5542;12334.9895501
5544;12334.9895501
5546;12334.9895501
5548;12334.9895501
5550;12334.9895501
5552;12334.9895501
5554;12334.9895501
5556;12334.9895501
5558;12334.9895501
5560;12334.9895501
5562;12334.9895501
5564;12334.9895501
5566;12334.9895501
5568;12334.9895501
5570;12334.9895501
5572;12334.9895501
5574;12334.9895501
5576;12334.9895501
5578;12334.9895501
5580;12334.9895501
5582;12334.9895501
5584;12334.9895501
5586;12334.9895501
5588;12334.9895501
5590;12334.9895501
5592;12334.9895501
5594;12334.9895501
5596;12334.9895501
5598;12334.9895501
5600;12334.9895501
5602;12334.9895501
5604;12334.9895501
5606;12334.9895501
5608;12334.9895501
5610;12334.9895501
5612;12334.9895501
5614;12334.9895501
5616;12334.9895501
5618;12334.9895501
5620;12334.9895501
5622;12334.9895501
5624;12334.9895501
5626;12334.9895501
5628;12334.9895501
5630;12334.9895501
5632;12334.9895501
5634;12334.9895501
5636;12334.9895501
5638;12334.9895501
5640;12334.9895501
5642;12334.9895501
5644;12334.9895501
5646;12334.9895501
5648;12334.9895501
5650;12334.9895501
5652;12334.9895501
5654;12334.9895501
5656;12334.9895501
5658;12334.9895501
5660;12334.9895501
5662;12334.9895501
5664;12334.9895501
5666;12334.9895501
5668;12334.9895501
5670;12334.9895501
5672;12334.9895501
5674;12334.9895501
5676;12334.9895501
5678;12334.9895501
5680;12334.9895501
5682;12334.9895501
5684;12334.9895501
5686;12334.9895501
5688;12334.9895501
5690;12334.9895501
5692;12334.9895501
5694;12334.9895501
5696;12334.9895501
5698;12334.9895501
5700;12334.9895501
5702;12334.9895501
5704;12334.9895501
5706;12334.9895501
5708;12334.9895501
5710;12334.9895501
5712;12334.9895501
5714;12334.9895501
5716;12334.9895501
5718;12334.9895501
5720;12334.9895501
5722;12334.9895501
5724;12334.9895501
5726;12334.9895501
5728;12334.9895501
5730;12334.9895501
5732;12334.9895501
5734;12334.9895501
5736;12334.9895501
5738;12334.9895501
5740;12334.9895501
5742;12334.9895501
5744;12334.9895501
5746;12334.9895501
5748;12334.9895501
5750;12334.9895501
5752;12334.9895501
5754;12334.9895501
5756;12334.9895501
5758;12334.9895501
5760;12334.9895501
5762;12334.9895501
5764;12334.9895501
5766;12334.9895501
5768;12334.9895501
5770;12334.9895501
5772;12334.9895501
5774;12334.9895501
5776;12334.9895501
5778;12334.9895501
5780;12334.9895501
5782;12334.9895501
5784;12334.9895501
5786;12334.9895501
5788;12334.9895501
5790;12334.9895501
5792;12334.9895501
5794;12334.9895501
5796;12334.9895501
5798;12334.9895501
5800;12334.9895501
5802;12334.9895501
5804;12334.9895501
5806;12334.9895501
5808;12334.9895501
5810;12334.9895501
5812;12334.9895501
5814;12334.9895501
5816;12334.9895501
5818;12334.9895501
5820;12334.9895501
5822;12334.9895501
5824;12334.9895501
5826;12334.9895501
5828;12334.9895501
5830;12334.9895501
5832;12334.9895501
5834;12334.9895501
5836;12334.9895501
5838;12334.9895501
5840;12334.9895501
5842;12334.9895501
5844;12334.9895501
5846;12334.9895501
5848;12334.9895501
5850;12334.9895501
5852;12334.9895501
5854;12334.9895501
5856;12334.9895501
5858;12334.9895501
5860;12334.9895501
5862;12334.9895501
5864;12334.9895501
5866;12334.9895501
5868;12334.9895501
5870;12334.9895501
5872;12334.9895501
5874;12334.9895501
5876;12334.9895501
5878;12334.9895501
5880;12334.9895501
5882;12334.9895501
5884;12334.9895501
5886;12334.9895501
5888;12334.9895501
5890;12334.9895501
5892;12334.9895501
5894;12334.9895501
5896;12334.9895501
5898;12334.9895501
5900;12334.9895501
5902;12334.9895501
5904;12334.9895501
5906;12334.9895501
5908;12334.9895501
5910;12334.9895501
5912;12334.9895501
5914;12334.9895501
5916;12334.9895501
5918;12334.9895501
5920;12334.9895501
5922;12334.9895501
5924;12334.9895501
5926;12334.9895501
5928;12334.9895501
5930;12334.9895501
5932;12334.9895501
5934;12334.9895501
5936;12334.9895501
5938;12334.9895501
5940;12334.9895501
5942;12334.9895501
5944;12334.9895501
5946;12334.9895501
5948;12334.9895501
5950;12334.9895501
5952;12334.9895501
5954;12334.9895501
5956;12334.9895501
5958;12334.9895501
5960;12334.9895501
5962;12334.9895501
5964;12334.9895501
5966;12334.9895501
5968;12334.9895501
5970;12334.9895501
5972;12334.9895501
5974;12334.9895501
5976;12334.9895501
5978;12334.9895501
5980;12334.9895501
5982;12334.9895501
5984;12334.9895501
5986;12334.9895501
5988;12334.9895501
5990;12334.9895501
5992;12334.9895501
5994;12334.9895501
5996;12334.9895501
5998;12334.9895501
6000;12334.9895501
6002;12334.9895501
6004;12334.9895501
6006;12334.9895501
6008;12334.9895501
6010;12334.9895501
6012;12334.9895501
6014;12334.9895501
6016;12334.9895501
6018;12334.9895501
6020;12334.9895501
6022;12334.9895501
6024;12334.9895501
6026;12334.9895501
6028;12334.9895501
6030;12334.9895501
6032;12334.9895501
6034;12334.9895501
6036;12334.9895501
6038;12334.9895501
6040;12334.9895501
6042;12334.9895501
6044;12334.9895501
6046;12334.9895501
6048;12334.9895501
6050;12334.9895501
6052;12334.9895501
6054;12334.9895501
6056;12334.9895501
6058;12334.9895501
6060;12334.9895501
6062;12334.9895501
6064;12334.9895501
6066;12334.9895501
6068;12334.9895501
6070;12334.9895501
6072;12334.9895501
6074;12334.9895501
6076;12334.9895501
6078;12334.9895501
6080;12334.9895501
6082;12334.9895501
6084;12334.9895501
6086;12334.9895501
6088;12334.9895501
6090;12334.9895501
6092;12334.9895501
6094;12334.9895501
6096;12334.9895501
6098;12334.9895501
6100;12334.9895501
6102;12334.9895501
6104;12334.9895501
6106;12334.9895501
6108;12334.9895501
6110;12334.9895501
6112;12334.9895501
6114;12334.9895501
6116;12334.9895501
6118;12334.9895501
6120;12334.9895501
6122;12334.9895501
6124;12334.9895501
6126;12334.9895501
6128;12334.9895501
6130;12334.9895501
6132;12334.9895501
6134;12334.9895501
6136;12334.9895501
6138;12334.9895501
6140;12334.9895501
6142;12334.9895501
6144;12334.9895501
6146;12334.9895501
6148;12334.9895501
6150;12334.9895501
6152;12334.9895501
6154;12334.9895501
6156;12334.9895501
6158;12334.9895501
6160;12334.9895501
6162;12334.9895501
6164;12334.9895501
6166;12334.9895501
6168;12334.9895501
6170;12334.9895501
6172;12334.9895501
6174;12334.9895501
6176;12334.9895501
6178;12334.9895501
6180;12334.9895501
6182;12334.9895501
6184;12334.9895501
6186;12334.9895501
6188;12334.9895501
6190;12334.9895501
6192;12334.9895501
6194;12334.9895501
6196;12334.9895501
6198;12334.9895501
6200;12334.9895501
6202;12334.9895501
6204;12334.9895501
6206;12334.9895501
6208;12334.9895501
6210;12334.9895501
6212;12334.9895501
6214;12334.9895501
6216;12334.9895501
6218;12334.9895501
6220;12334.9895501
6222;12334.9895501
6224;12334.9895501
6226;12334.9895501
6228;12334.9895501
6230;12334.9895501
6232;12334.9895501
6234;12334.9895501
6236;12334.9895501
6238;12334.9895501
6240;12334.9895501
6242;12334.9895501
6244;12334.9895501
6246;12334.9895501
6248;12334.9895501
6250;12334.9895501
6252;12334.9895501
6254;12334.9895501
6256;12334.9895501
6258;12334.9895501
6260;12334.9895501
6262;12334.9895501
6264;12334.9895501
6266;12334.9895501
6268;12334.9895501
6270;12334.9895501
6272;12334.9895501
6274;12334.9895501
6276;12334.9895501
6278;12334.9895501
6280;12334.9895501
6282;12334.9895501
6284;12334.9895501
6286;12334.9895501
6288;12334.9895501
6290;12334.9895501
6292;12334.9895501
6294;12334.9895501
6296;12334.9895501
6298;12334.9895501
6300;12334.9895501
6302;12334.9895501
6304;12334.9895501
6306;12334.9895501
6308;12334.9895501
6310;12334.9895501
6312;12334.9895501
6314;12334.9895501
6316;12334.9895501
6318;12334.9895501
6320;12334.9895501
6322;12334.9895501
6324;12334.9895501
6326;12334.9895501
6328;12334.9895501
6330;12334.9895501
6332;12334.9895501
6334;12334.9895501
6336;12334.9895501
6338;12334.9895501
6340;12334.9895501
6342;12334.9895501
6344;12334.9895501
6346;12334.9895501
6348;12334.9895501
6350;12334.9895501
6352;12334.9895501
6354;12334.9895501
6356;12334.9895501
6358;12334.9895501
6360;12334.9895501
6362;12334.9895501
6364;12334.9895501
6366;12334.9895501
6368;12334.9895501
6370;12334.9895501
6372;12334.9895501
6374;12334.9895501
6376;12334.9895501
6378;12334.9895501
6380;12334.9895501
6382;12334.9895501
6384;12334.9895501
6386;12334.9895501
6388;12334.9895501
6390;12334.9895501
6392;12334.9895501
6394;12334.9895501
6396;12334.9895501
6398;12334.9895501
6400;12334.9895501
6402;12334.9895501
6404;12334.9895501
6406;12334.9895501
6408;12334.9895501
6410;12334.9895501
6412;12334.9895501
6414;12334.9895501
6416;12334.9895501
6418;12334.9895501
6420;12334.9895501
6422;12334.9895501
6424;12334.9895501
6426;12334.9895501
6428;12334.9895501
6430;12334.9895501
6432;12334.9895501
6434;12334.9895501
6436;12334.9895501
6438;12334.9895501
6440;12334.9895501
6442;12334.9895501
6444;12334.9895501
6446;12334.9895501
6448;12334.9895501
6450;12334.9895501
6452;12334.9895501
6454;12334.9895501
6456;12334.9895501
6458;12334.9895501
6460;12334.9895501
6462;12334.9895501
6464;12334.9895501
6466;12334.9895501
6468;12334.9895501
6470;12334.9895501
6472;12334.9895501
6474;12334.9895501
6476;12334.9895501
6478;12334.9895501
6480;12334.9895501
6482;12334.9895501
6484;12334.9895501
6486;12334.9895501
6488;12334.9895501
6490;12334.9895501
6492;12334.9895501
6494;12334.9895501
6496;12334.9895501
6498;12334.9895501
6500;12334.9895501
6502;12334.9895501
6504;12334.9895501
6506;12334.9895501
6508;12334.9895501
6510;12334.9895501
6512;12334.9895501
6514;12334.9895501
6516;12334.9895501
6518;12334.9895501
6520;12334.9895501
6522;12334.9895501
6524;12334.9895501
6526;12334.9895501
6528;12334.9895501
6530;12334.9895501
6532;12334.9895501
6534;12334.9895501
6536;12334.9895501
6538;12334.9895501
6540;12334.9895501
6542;12334.9895501
6544;12334.9895501
6546;12334.9895501
6548;12334.9895501
6550;12334.9895501
6552;12334.9895501
6554;12334.9895501
6556;12334.9895501
6558;12334.9895501
6560;12334.9895501
6562;12334.9895501
6564;12334.9895501
6566;12334.9895501
6568;12334.9895501
6570;12334.9895501
6572;12334.9895501
6574;12334.9895501
6576;12334.9895501
6578;12334.9895501
6580;12334.9895501
6582;12334.9895501
6584;12334.9895501
6586;12334.9895501
6588;12334.9895501
6590;12334.9895501
6592;12334.9895501
6594;12334.9895501
6596;12334.9895501
6598;12334.9895501
6600;12334.9895501
6602;12334.9895501
6604;12334.9895501
6606;12334.9895501
6608;12334.9895501
6610;12334.9895501
6612;12334.9895501
6614;12334.9895501
6616;12334.9895501
6618;12334.9895501
6620;12334.9895501
6622;12334.9895501
6624;12334.9895501
6626;12334.9895501
6628;12334.9895501
6630;12334.9895501
6632;12334.9895501
6634;12334.9895501
6636;12334.9895501
6638;12334.9895501
6640;12334.9895501
6642;12334.9895501
6644;12334.9895501
6646;12334.9895501
6648;12334.9895501
6650;12334.9895501
6652;12334.9895501
6654;12334.9895501
6656;12334.9895501
6658;12334.9895501
6660;12334.9895501
6662;12334.9895501
6664;12334.9895501
6666;12334.9895501
6668;12334.9895501
6670;12334.9895501
6672;12334.9895501
6674;12334.9895501
6676;12334.9895501
6678;12334.9895501
6680;12334.9895501
6682;12334.9895501
6684;12334.9895501
6686;12334.9895501
6688;12334.9895501
6690;12334.9895501
6692;12334.9895501
6694;12334.9895501
6696;12334.9895501
6698;12334.9895501
6700;12334.9895501
6702;12334.9895501
6704;12334.9895501
6706;12334.9895501
6708;12334.9895501
6710;12334.9895501
6712;12334.9895501
6714;12334.9895501
6716;12334.9895501
6718;12334.9895501
6720;12334.9895501
6722;12334.9895501
6724;12334.9895501
6726;12334.9895501
6728;12334.9895501
6730;12334.9895501
6732;12334.9895501
6734;12334.9895501
6736;12334.9895501
6738;12334.9895501
6740;12334.9895501
6742;12334.9895501
6744;12334.9895501
6746;12334.9895501
6748;12334.9895501
6750;12334.9895501
6752;12334.9895501
6754;12334.9895501
6756;12334.9895501
6758;12334.9895501
6760;12334.9895501
6762;12334.9895501
6764;12334.9895501
6766;12334.9895501
6768;12334.9895501
6770;12334.9895501
6772;12334.9895501
6774;12334.9895501
6776;12334.9895501
6778;12334.9895501
6780;12334.9895501
6782;12334.9895501
6784;12334.9895501
6786;12334.9895501
6788;12334.9895501
6790;12334.9895501
6792;12334.9895501
6794;12334.9895501
6796;12334.9895501
6798;12334.9895501
6800;12334.9895501
6802;12334.9895501
6804;12334.9895501
6806;12334.9895501
6808;12334.9895501
6810;12334.9895501
6812;12334.9895501
6814;12334.9895501
6816;12334.9895501
6818;12334.9895501
6820;12334.9895501
6822;12334.9895501
6824;12334.9895501
6826;12334.9895501
6828;12334.9895501
6830;12334.9895501
6832;12334.9895501
6834;12334.9895501
6836;12334.9895501
6838;12334.9895501
6840;12334.9895501
6842;12334.9895501
6844;12334.9895501
6846;12334.9895501
6848;12334.9895501
6850;12334.9895501
6852;12334.9895501
6854;12334.9895501
6856;12334.9895501
6858;12334.9895501
6860;12334.9895501
6862;12334.9895501
6864;12334.9895501
6866;12334.9895501
6868;12334.9895501
6870;12334.9895501
6872;12334.9895501
6874;12334.9895501
6876;12334.9895501
6878;12334.9895501
6880;12334.9895501
6882;12334.9895501
6884;12334.9895501
6886;12334.9895501
6888;12334.9895501
6890;12334.9895501
6892;12334.9895501
6894;12334.9895501
6896;12334.9895501
6898;12334.9895501
6900;12334.9895501
6902;12334.9895501
6904;12334.9895501
6906;12334.9895501
6908;12334.9895501
6910;12334.9895501
6912;12334.9895501
6914;12334.9895501
6916;12334.9895501
6918;12334.9895501
6920;12334.9895501
6922;12334.9895501
6924;12334.9895501
6926;12334.9895501
6928;12334.9895501
6930;12334.9895501
6932;12334.9895501
6934;12334.9895501
6936;12334.9895501
6938;12334.9895501
6940;12334.9895501
6942;12334.9895501
6944;12334.9895501
6946;12334.9895501
6948;12334.9895501
6950;12334.9895501
6952;12334.9895501
6954;12334.9895501
6956;12334.9895501
6958;12334.9895501
6960;12334.9895501
6962;12334.9895501
6964;12334.9895501
6966;12334.9895501
6968;12334.9895501
6970;12334.9895501
6972;12334.9895501
6974;12334.9895501
6976;12334.9895501
6978;12334.9895501
6980;12334.9895501
6982;12334.9895501
6984;12334.9895501
6986;12334.9895501
6988;12334.9895501
6990;12334.9895501
6992;12334.9895501
6994;12334.9895501
6996;12334.9895501
6998;12334.9895501
7000;12334.9895501
7002;12334.9895501
7004;12334.9895501
7006;12334.9895501
7008;12334.9895501
7010;12334.9895501
7012;12334.9895501
7014;12334.9895501
7016;12334.9895501
7018;12334.9895501
7020;12334.9895501
7022;12334.9895501
7024;12334.9895501
7026;12334.9895501
7028;12334.9895501
7030;12334.9895501
7032;12334.9895501
7034;12334.9895501
7036;12334.9895501
7038;12334.9895501
7040;12334.9895501
7042;12334.9895501
7044;12334.9895501
7046;12334.9895501
7048;12334.9895501
7050;12334.9895501
7052;12334.9895501
7054;12334.9895501
7056;12334.9895501
7058;12334.9895501
7060;12334.9895501
7062;12334.9895501
7064;12334.9895501
7066;12334.9895501
7068;12334.9895501
7070;12334.9895501
7072;12334.9895501
7074;12334.9895501
7076;12334.9895501
7078;12334.9895501
7080;12334.9895501
7082;12334.9895501
7084;12334.9895501
7086;12334.9895501
7088;12334.9895501
7090;12334.9895501
7092;12334.9895501
7094;12334.9895501
7096;12334.9895501
7098;12334.9895501
7100;12334.9895501
7102;12334.9895501
7104;12334.9895501
7106;12334.9895501
7108;12334.9895501
7110;12334.9895501
7112;12334.9895501
7114;12334.9895501
7116;12334.9895501
7118;12334.9895501
7120;12334.9895501
7122;12334.9895501
7124;12334.9895501
7126;12334.9895501
7128;12334.9895501
7130;12334.9895501
7132;12334.9895501
7134;12334.9895501
7136;12334.9895501
7138;12334.9895501
7140;12334.9895501
7142;12334.9895501
7144;12334.9895501
7146;12334.9895501
7148;12334.9895501
7150;12334.9895501
7152;12334.9895501
7154;12334.9895501
7156;12334.9895501
7158;12334.9895501
7160;12334.9895501
7162;12334.9895501
7164;12334.9895501
7166;12334.9895501
7168;12334.9895501
7170;12334.9895501
7172;12334.9895501
7174;12334.9895501
7176;12334.9895501
7178;12334.9895501
7180;12334.9895501
7182;12334.9895501
7184;12334.9895501
7186;12334.9895501
7188;12334.9895501
7190;12334.9895501
7192;12334.9895501
7194;12334.9895501
7196;12334.9895501
7198;12334.9895501
7200;12334.9895501
7202;12334.9895501
7204;12334.9895501
7206;12334.9895501
7208;12334.9895501
7210;12334.9895501
7212;12334.9895501
7214;12334.9895501
7216;12334.9895501
7218;12334.9895501
7220;12334.9895501
7222;12334.9895501
7224;12334.9895501
7226;12334.9895501
7228;12334.9895501
7230;12334.9895501
7232;12334.9895501
7234;12334.9895501
7236;12334.9895501
7238;12334.9895501
7240;12334.9895501
7242;12334.9895501
7244;12334.9895501
7246;12334.9895501
7248;12334.9895501
7250;12334.9895501
7252;12334.9895501
7254;12334.9895501
7256;12334.9895501
7258;12334.9895501
7260;12334.9895501
7262;12334.9895501
7264;12334.9895501
7266;12334.9895501
7268;12334.9895501
7270;12334.9895501
7272;12334.9895501
7274;12334.9895501
7276;12334.9895501
7278;12334.9895501
7280;12334.9895501
7282;12334.9895501
7284;12334.9895501
7286;12334.9895501
7288;12334.9895501
7290;12334.9895501
7292;12334.9895501
7294;12334.9895501
7296;12334.9895501
7298;12334.9895501
7300;12334.9895501
7302;12334.9895501
7304;12334.9895501
7306;12334.9895501
7308;12334.9895501
7310;12334.9895501
7312;12334.9895501
7314;12334.9895501
7316;12334.9895501
7318;12334.9895501
7320;12334.9895501
7322;12334.9895501
7324;12334.9895501
7326;12334.9895501
7328;12334.9895501
7330;12334.9895501
7332;12334.9895501
7334;12334.9895501
7336;12334.9895501
7338;12334.9895501
7340;12334.9895501
7342;12334.9895501
7344;12334.9895501
7346;12334.9895501
7348;12334.9895501
7350;12334.9895501
7352;12334.9895501
7354;12334.9895501
7356;12334.9895501
7358;12334.9895501
7360;12334.9895501
7362;12334.9895501
7364;12334.9895501
7366;12334.9895501
7368;12334.9895501
7370;12334.9895501
7372;12334.9895501
7374;12334.9895501
7376;12334.9895501
7378;12334.9895501
7380;12334.9895501
7382;12334.9895501
7384;12334.9895501
7386;12334.9895501
7388;12334.9895501
7390;12334.9895501
7392;12334.9895501
7394;12334.9895501
7396;12334.9895501
7398;12334.9895501
7400;12334.9895501
7402;12334.9895501
7404;12334.9895501
7406;12334.9895501
7408;12334.9895501
7410;12334.9895501
7412;12334.9895501
7414;12334.9895501
7416;12334.9895501
7418;12334.9895501
7420;12334.9895501
7422;12334.9895501
7424;12334.9895501
7426;12334.9895501
7428;12334.9895501
7430;12334.9895501
7432;12334.9895501
7434;12334.9895501
7436;12334.9895501
7438;12334.9895501
7440;12334.9895501
7442;12334.9895501
7444;12334.9895501
7446;12334.9895501
7448;12334.9895501
7450;12334.9895501
7452;12334.9895501
7454;12334.9895501
7456;12334.9895501
7458;12334.9895501
7460;12334.9895501
7462;12334.9895501
7464;12334.9895501
7466;12334.9895501
7468;12334.9895501
7470;12334.9895501
7472;12334.9895501
7474;12334.9895501
7476;12334.9895501
7478;12334.9895501
7480;12334.9895501
7482;12334.9895501
7484;12334.9895501
7486;12334.9895501
7488;12334.9895501
7490;12334.9895501
7492;12334.9895501
7494;12334.9895501
7496;12334.9895501
7498;12334.9895501
7500;12334.9895501
7502;12334.9895501
7504;12334.9895501
7506;12334.9895501
7508;12334.9895501
7510;12334.9895501
7512;12334.9895501
7514;12334.9895501
7516;12334.9895501
7518;12334.9895501
7520;12334.9895501
7522;12334.9895501
7524;12334.9895501
7526;12334.9895501
7528;12334.9895501
7530;12334.9895501
7532;12334.9895501
7534;12334.9895501
7536;12334.9895501
7538;12334.9895501
7540;12334.9895501
7542;12334.9895501
7544;12334.9895501
7546;12334.9895501
7548;12334.9895501
7550;12334.9895501
7552;12334.9895501
7554;12334.9895501
7556;12334.9895501
7558;12334.9895501
7560;12334.9895501
7562;12334.9895501
7564;12334.9895501
7566;12334.9895501
7568;12334.9895501
7570;12334.9895501
7572;12334.9895501
7574;12334.9895501
7576;12334.9895501
7578;12334.9895501
7580;12334.9895501
7582;12334.9895501
7584;12334.9895501
7586;12334.9895501
7588;12334.9895501
7590;12334.9895501
7592;12334.9895501
7594;12334.9895501
7596;12334.9895501
7598;12334.9895501
7600;12334.9895501
7602;12334.9895501
7604;12334.9895501
7606;12334.9895501
7608;12334.9895501
7610;12334.9895501
7612;12334.9895501
7614;12334.9895501
7616;12334.9895501
7618;12334.9895501
7620;12334.9895501
7622;12334.9895501
7624;12334.9895501
7626;12334.9895501
7628;12334.9895501
7630;12334.9895501
7632;12334.9895501
7634;12334.9895501
7636;12334.9895501
7638;12334.9895501
7640;12334.9895501
7642;12334.9895501
7644;12334.9895501
7646;12334.9895501
7648;12334.9895501
7650;12334.9895501
7652;12334.9895501
7654;12334.9895501
7656;12334.9895501
7658;12334.9895501
7660;12334.9895501
7662;12334.9895501
7664;12334.9895501
7666;12334.9895501
7668;12334.9895501
7670;12334.9895501
7672;12334.9895501
7674;12334.9895501
7676;12334.9895501
7678;12334.9895501
7680;12334.9895501
7682;12334.9895501
7684;12334.9895501
7686;12334.9895501
7688;12334.9895501
7690;12334.9895501
7692;12334.9895501
7694;12334.9895501
7696;12334.9895501
7698;12334.9895501
7700;12334.9895501
7702;12334.9895501
7704;12334.9895501
7706;12334.9895501
7708;12334.9895501
7710;12334.9895501
7712;12334.9895501
7714;12334.9895501
7716;12334.9895501
7718;12334.9895501
7720;12334.9895501
7722;12334.9895501
7724;12334.9895501
7726;12334.9895501
7728;12334.9895501
7730;12334.9895501
7732;12334.9895501
7734;12334.9895501
7736;12334.9895501
7738;12334.9895501
7740;12334.9895501
7742;12334.9895501
7744;12334.9895501
7746;12334.9895501
7748;12334.9895501
7750;12334.9895501
7752;12334.9895501
7754;12334.9895501
7756;12334.9895501
7758;12334.9895501
7760;12334.9895501
7762;12334.9895501
7764;12334.9895501
7766;12334.9895501
7768;12334.9895501
7770;12334.9895501
7772;12334.9895501
7774;12334.9895501
7776;12334.9895501
7778;12334.9895501
7780;12334.9895501
7782;12334.9895501
7784;12334.9895501
7786;12334.9895501
7788;12334.9895501
7790;12334.9895501
7792;12334.9895501
7794;12334.9895501
7796;12334.9895501
7798;12334.9895501
7800;12334.9895501
7802;12334.9895501
7804;12334.9895501
7806;12334.9895501
7808;12334.9895501
7810;12334.9895501
7812;12334.9895501
7814;12334.9895501
7816;12334.9895501
7818;12334.9895501
7820;12334.9895501
7822;12334.9895501
7824;12334.9895501
7826;12334.9895501
7828;12334.9895501
7830;12334.9895501
7832;12334.9895501
7834;12334.9895501
7836;12334.9895501
7838;12334.9895501
7840;12334.9895501
7842;12334.9895501
7844;12334.9895501
7846;12334.9895501
7848;12334.9895501
7850;12334.9895501
7852;12334.9895501
7854;12334.9895501
7856;12334.9895501
7858;12334.9895501
7860;12334.9895501
7862;12334.9895501
7864;12334.9895501
7866;12334.9895501
7868;12334.9895501
7870;12334.9895501
7872;12334.9895501
7874;12334.9895501
7876;12334.9895501
7878;12334.9895501
7880;12334.9895501
7882;12334.9895501
7884;12334.9895501
7886;12334.9895501
7888;12334.9895501
7890;12334.9895501
7892;12334.9895501
7894;12334.9895501
7896;12334.9895501
7898;12334.9895501
7900;12334.9895501
7902;12334.9895501
7904;12334.9895501
7906;12334.9895501
7908;12334.9895501
7910;12334.9895501
7912;12334.9895501
7914;12334.9895501
7916;12334.9895501
7918;12334.9895501
7920;12334.9895501
7922;12334.9895501
7924;12334.9895501
7926;12334.9895501
7928;12334.9895501
7930;12334.9895501
7932;12334.9895501
7934;12334.9895501
7936;12334.9895501
7938;12334.9895501
7940;12334.9895501
7942;12334.9895501
7944;12334.9895501
7946;12334.9895501
7948;12334.9895501
7950;12334.9895501
7952;12334.9895501
7954;12334.9895501
7956;12334.9895501
7958;12334.9895501
7960;12334.9895501
7962;12334.9895501
7964;12334.9895501
7966;12334.9895501
7968;12334.9895501
7970;12334.9895501
7972;12334.9895501
7974;12334.9895501
7976;12334.9895501
7978;12334.9895501
7980;12334.9895501
7982;12334.9895501
7984;12334.9895501
7986;12334.9895501
7988;12334.9895501
7990;12334.9895501
7992;12334.9895501
7994;12334.9895501
7996;12334.9895501
7998;12334.9895501
