0;23446.4068573
2;22387.5117809
4;22387.5117809
6;22387.5117809
8;22387.5117809
10;22387.5117809
12;22387.5117809
14;22387.5117809
16;21827.2063933
18;21827.2063933
20;21709.6678618
22;21709.6678618
24;21709.6678618
26;21709.6678618
28;21709.6678618
30;21709.6678618
32;21709.6678618
34;21503.8740501
36;21503.8740501
38;21503.8740501
40;21503.8740501
42;21051.589652
44;21051.589652
46;21051.589652
48;21051.589652
50;21051.589652
52;21051.589652
54;21051.589652
56;21051.589652
58;21051.589652
60;21051.589652
62;20987.4210965
64;20317.9403145
66;20317.9403145
68;20317.9403145
70;20317.9403145
72;19963.0433173
74;19963.0433173
76;19963.0433173
78;19963.0433173
80;19963.0433173
82;19963.0433173
84;19963.0433173
86;19963.0433173
88;19963.0433173
90;19963.0433173
92;19963.0433173
94;19963.0433173
96;19963.0433173
98;19963.0433173
100;19963.0433173
102;19522.0999266
104;19522.0999266
106;19522.0999266
108;19522.0999266
110;19522.0999266
112;19218.1580353
114;19218.1580353
116;19218.1580353
118;19218.1580353
120;19218.1580353
122;19218.1580353
124;19218.1580353
126;19218.1580353
128;19218.1580353
130;19218.1580353
132;19218.1580353
134;19218.1580353
136;19218.1580353
138;19218.1580353
140;18527.4140744
142;18527.4140744
144;18527.4140744
146;18527.4140744
148;18527.4140744
150;18527.4140744
152;18527.4140744
154;18527.4140744
156;18527.4140744
158;18527.4140744
160;18527.4140744
162;18527.4140744
164;18527.4140744
166;18527.4140744
168;18527.4140744
170;18527.4140744
172;18527.4140744
174;18527.4140744
176;18527.4140744
178;18527.4140744
180;18527.4140744
182;18447.613018
184;18402.6644934
186;18402.6644934
188;18402.6644934
190;18402.6644934
192;18402.6644934
194;18402.6644934
196;18402.6644934
198;18402.6644934
200;18402.6644934
202;18402.6644934
204;18402.6644934
206;18402.6644934
208;18402.6644934
210;18363.5576547
212;18363.5576547
214;18363.5576547
216;18363.5576547
218;18363.5576547
220;18363.5576547
222;18363.5576547
224;18093.1262925
226;18093.1262925
228;18093.1262925
230;18093.1262925
232;18093.1262925
234;18093.1262925
236;18093.1262925
238;18093.1262925
240;18093.1262925
242;18093.1262925
244;18093.1262925
246;18030.7907639
248;18030.7907639
250;18030.7907639
252;18030.7907639
254;18030.7907639
256;17632.804968
258;17632.804968
260;17632.804968
262;17632.804968
264;17632.804968
266;17632.804968
268;17632.804968
270;17632.804968
272;17632.804968
274;17632.804968
276;17632.804968
278;17499.8838696
280;17484.3456666
282;17484.3456666
284;16969.4812496
286;16969.4812496
288;16969.4812496
290;16969.4812496
292;16969.4812496
294;16969.4812496
296;16938.9684535
298;16938.9684535
300;16938.9684535
302;16938.9684535
304;16938.9684535
306;16938.5459283
308;16938.5459283
310;16938.5459283
312;16938.5459283
314;16938.5459283
316;16938.5459283
318;16938.5459283
320;16938.5459283
322;16938.5459283
324;16938.5459283
326;16938.5459283
328;16809.698636
330;16809.698636
332;16809.698636
334;16809.698636
336;16809.698636
338;16678.2828147
340;16678.2828147
342;16678.2828147
344;16678.2828147
346;16678.2828147
348;16678.2828147
350;16678.2828147
352;16678.2828147
354;16678.2828147
356;16570.4307709
358;16570.4307709
360;16570.4307709
362;16570.4307709
364;16570.4307709
366;16570.4307709
368;16354.281897
370;16354.281897
372;16179.9301382
374;16179.9301382
376;16179.9301382
378;16179.9301382
380;16179.9301382
382;16030.4972993
384;16030.4972993
386;16030.4972993
388;16030.4972993
390;15999.561978
392;15860.3639793
394;15860.3639793
396;15860.3639793
398;15860.3639793
400;15860.3639793
402;15860.3639793
404;15860.3639793
406;15860.3639793
408;15860.3639793
410;15860.3639793
412;15860.3639793
414;15860.3639793
416;15860.3639793
418;15860.3639793
420;15860.3639793
422;15860.3639793
424;15860.3639793
426;15860.3639793
428;15860.3639793
430;15829.428658
432;15829.428658
434;15829.428658
436;15829.428658
438;15829.428658
440;15829.428658
442;15829.428658
444;15829.428658
446;15669.6331915
448;15669.6331915
450;15669.6331915
452;15669.6331915
454;15669.6331915
456;15669.6331915
458;15669.6331915
460;15669.6331915
462;15669.6331915
464;15669.6331915
466;15669.6331915
468;15669.6331915
470;15669.6331915
472;15669.6331915
474;15669.6331915
476;15669.6331915
478;15669.6331915
480;15669.6331915
482;15462.2396316
484;15462.2396316
486;15462.2396316
488;15462.2396316
490;15462.2396316
492;15462.2396316
494;15462.2396316
496;15462.2396316
498;15462.2396316
500;15462.2396316
502;15462.2396316
504;15462.2396316
506;15462.2396316
508;15462.2396316
510;15462.2396316
512;15462.2396316
514;15089.5387324
516;15089.5387324
518;15089.5387324
520;15089.5387324
522;15089.5387324
524;15089.5387324
526;15089.5387324
528;15089.5387324
530;15089.5387324
532;15089.5387324
534;15089.5387324
536;15089.5387324
538;15089.5387324
540;15089.5387324
542;15089.5387324
544;15089.5387324
546;15089.5387324
548;15089.5387324
550;15089.5387324
552;15089.5387324
554;15089.5387324
556;15089.5387324
558;15089.5387324
560;15089.5387324
562;15089.5387324
564;15089.5387324
566;15089.5387324
568;15089.5387324
570;15089.5387324
572;15089.5387324
574;14987.9761444
576;14987.9761444
578;14987.9761444
580;14965.9211847
582;14965.9211847
584;14965.9211847
586;14965.9211847
588;14965.9211847
590;14965.9211847
592;14851.2098512
594;14851.2098512
596;14851.2098512
598;14735.5685006
600;14730.0590863
602;14730.0590863
604;14606.4415386
606;14606.4415386
608;14606.4415386
610;14606.4415386
612;14606.4415386
614;14606.4415386
616;14606.4415386
618;14539.2221972
620;14539.2221972
622;14415.6046495
624;14415.6046495
626;14415.6046495
628;14415.6046495
630;14415.6046495
632;14415.6046495
634;14357.2132085
636;14357.2132085
638;14357.2132085
640;14357.2132085
642;14357.2132085
644;14357.2132085
646;14357.2132085
648;14357.2132085
650;14233.5956608
652;14233.5956608
654;14233.5956608
656;14233.5956608
658;14223.3970733
660;14223.3970733
662;14223.3970733
664;14223.3970733
666;14223.3970733
668;14223.3970733
670;14200.3992947
672;14200.3992947
674;14200.3992947
676;14200.3992947
678;14200.3992947
680;14200.3992947
682;14200.3992947
684;14200.3992947
686;14200.3992947
688;14099.7795256
690;14099.7795256
692;14099.7795256
694;14099.7795256
696;14099.7795256
698;14099.7795256
700;14099.7795256
702;14099.7795256
704;13831.9851566
706;13831.9851566
708;13831.9851566
710;13831.9851566
712;13831.9851566
714;13831.9851566
716;13831.9851566
718;13831.9851566
720;13831.9851566
722;13831.9851566
724;13831.9851566
726;13831.9851566
728;13831.9851566
730;13831.9851566
732;13713.7536702
734;13680.1762037
736;13680.1762037
738;13680.1762037
740;13680.1762037
742;13680.1762037
744;13674.7901423
746;13674.7901423
748;13674.7901423
750;13674.7901423
752;13674.7901423
754;13674.7901423
756;13674.7901423
758;13674.7901423
760;13674.7901423
762;13642.0017281
764;13642.0017281
766;13642.0017281
768;13642.0017281
770;13642.0017281
772;13642.0017281
774;13642.0017281
776;13642.0017281
778;13559.022506
780;13553.6364446
782;13553.6364446
784;13553.6364446
786;13553.6364446
788;13553.6364446
790;13525.1866686
792;13525.1866686
794;13519.9933926
796;13519.9933926
798;13519.9933926
800;13519.9933926
802;13519.9933926
804;13519.9933926
806;13500.5794503
808;13500.5794503
810;13500.5794503
812;13500.5794503
814;13092.161749
816;13092.161749
818;13092.161749
820;13092.161749
822;13092.161749
824;13092.161749
826;13092.161749
828;13092.161749
830;13092.161749
832;13092.161749
834;13092.161749
836;13092.161749
838;13092.161749
840;13092.161749
842;13092.161749
844;13092.161749
846;12937.3649993
848;12937.3649993
850;12937.3649993
852;12937.3649993
854;12937.3649993
856;12937.3649993
858;12937.3649993
860;12937.3649993
862;12937.3649993
864;12937.3649993
866;12937.3649993
868;12937.3649993
870;12937.3649993
872;12937.3649993
874;12937.3649993
876;12937.3649993
878;12920.526617
880;12920.526617
882;12920.526617
884;12920.526617
886;12920.526617
888;12920.526617
890;12920.526617
892;12920.526617
894;12901.505706
896;12901.505706
898;12901.505706
900;12901.505706
902;12901.505706
904;12901.505706
906;12901.505706
908;12901.505706
910;12887.5788457
912;12887.5788457
914;12887.5788457
916;12887.5788457
918;12868.7172917
920;12868.7172917
922;12868.7172917
924;12868.7172917
926;12868.7172917
928;12868.7172917
930;12868.7172917
932;12868.7172917
934;12868.7172917
936;12868.7172917
938;12868.7172917
940;12868.7172917
942;12868.7172917
944;12868.7172917
946;12868.7172917
948;12868.7172917
950;12868.7172917
952;12868.7172917
954;12868.7172917
956;12868.7172917
958;12868.5579347
960;12780.2117688
962;12780.2117688
964;12780.2117688
966;12780.2117688
968;12780.2117688
970;12780.2117688
972;12780.2117688
974;12780.2117688
976;12780.2117688
978;12780.2117688
980;12780.2117688
982;12780.2117688
984;12780.2117688
986;12723.4396487
988;12723.4396487
990;12723.4396487
992;12723.4396487
994;12723.4396487
996;12723.4396487
998;12723.4396487
1000;12723.4396487
1002;12723.4396487
1004;12723.4396487
1006;12723.4396487
1008;12723.4396487
1010;12723.4396487
1012;12723.4396487
1014;12723.4396487
1016;12723.4396487
1018;12723.4396487
1020;12723.4396487
1022;12723.4396487
1024;12723.4396487
1026;12723.4396487
1028;12723.4396487
1030;12723.4396487
1032;12723.4396487
1034;12723.4396487
1036;12723.4396487
1038;12723.4396487
1040;12723.4396487
1042;12723.4396487
1044;12723.4396487
1046;12702.2066135
1048;12702.2066135
1050;12702.2066135
1052;12702.2066135
1054;12702.2066135
1056;12702.2066135
1058;12702.2066135
1060;12702.2066135
1062;12690.4918775
1064;12690.4918775
1066;12690.4918775
1068;12690.4918775
1070;12690.4918775
1072;12690.4918775
1074;12690.4918775
1076;12690.4918775
1078;12690.4918775
1080;12690.4918775
1082;12690.4918775
1084;12690.4918775
1086;12690.4918775
1088;12690.4918775
1090;12690.4918775
1092;12690.4918775
1094;12561.3704005
1096;12561.3704005
1098;12561.3704005
1100;12561.3704005
1102;12561.3704005
1104;12561.3704005
1106;12561.3704005
1108;12561.3704005
1110;12561.3704005
1112;12561.3704005
1114;12561.3704005
1116;12561.3704005
1118;12561.3704005
1120;12561.3704005
1122;12561.3704005
1124;12528.4226293
1126;12528.4226293
1128;12528.4226293
1130;12528.4226293
1132;12528.4226293
1134;12528.4226293
1136;12528.4226293
1138;12528.4226293
1140;12528.4226293
1142;12528.4226293
1144;12528.4226293
1146;12528.4226293
1148;12528.4226293
1150;12528.4226293
1152;12528.4226293
1154;12528.4226293
1156;12528.4226293
1158;12528.4226293
1160;12528.4226293
1162;12528.4226293
1164;12528.4226293
1166;12528.4226293
1168;12528.4226293
1170;12528.4226293
1172;12528.4226293
1174;12528.4226293
1176;12528.4226293
1178;12528.4226293
1180;12528.4226293
1182;12528.4226293
1184;12528.4226293
1186;12528.4226293
1188;12528.4226293
1190;12528.4226293
1192;12528.4226293
1194;12528.4226293
1196;12528.4226293
1198;12528.4226293
1200;12528.4226293
1202;12528.4226293
1204;12528.4226293
1206;12528.4226293
1208;12528.4226293
1210;12528.4226293
1212;12528.4226293
1214;12528.4226293
1216;12528.4226293
1218;12528.4226293
1220;12528.4226293
1222;12528.4226293
1224;12528.4226293
1226;12528.4226293
1228;12528.4226293
1230;12528.4226293
1232;12528.4226293
1234;12528.4226293
1236;12528.4226293
1238;12528.4226293
1240;12528.4226293
1242;12528.4226293
1244;12528.4226293
1246;12528.4226293
1248;12528.4226293
1250;12528.4226293
1252;12528.4226293
1254;12528.4226293
1256;12528.4226293
1258;12528.4226293
1260;12528.4226293
1262;12528.4226293
1264;12528.4226293
1266;12528.4226293
1268;12528.4226293
1270;12528.4226293
1272;12528.4226293
1274;12528.4226293
1276;12528.4226293
1278;12528.4226293
1280;12528.4226293
1282;12528.4226293
1284;12528.4226293
1286;12528.4226293
1288;12528.4226293
1290;12528.4226293
1292;12528.4226293
1294;12528.4226293
1296;12523.9252252
1298;12523.9252252
1300;12523.9252252
1302;12523.9252252
1304;12523.9252252
1306;12523.9252252
1308;12523.9252252
1310;12523.9252252
1312;12523.9252252
1314;12523.9252252
1316;12523.9252252
1318;12523.9252252
1320;12523.9252252
1322;12523.9252252
1324;12523.9252252
1326;12523.9252252
1328;12523.9252252
1330;12523.9252252
1332;12523.9252252
1334;12523.9252252
1336;12523.9252252
1338;12523.9252252
1340;12523.9252252
1342;12523.9252252
1344;12523.9252252
1346;12523.9252252
1348;12523.9252252
1350;12523.9252252
1352;12523.9252252
1354;12523.9252252
1356;12523.9252252
1358;12523.9252252
1360;12523.9252252
1362;12523.9252252
1364;12523.9252252
1366;12523.9252252
1368;12523.9252252
1370;12523.9252252
1372;12523.9252252
1374;12523.9252252
1376;12523.9252252
1378;12523.9252252
1380;12523.9252252
1382;12523.9252252
1384;12523.9252252
1386;12523.9252252
1388;12523.9252252
1390;12523.9252252
1392;12523.9252252
1394;12523.9252252
1396;12523.9252252
1398;12523.9252252
1400;12523.9252252
1402;12523.9252252
1404;12523.9252252
1406;12523.9252252
1408;12523.9252252
1410;12523.9252252
1412;12523.9252252
1414;12523.9252252
1416;12523.9252252
1418;12523.9252252
1420;12523.9252252
1422;12523.9252252
1424;12523.9252252
1426;12523.9252252
1428;12523.9252252
1430;12523.9252252
1432;12523.9252252
1434;12523.9252252
1436;12523.9252252
1438;12523.9252252
1440;12523.9252252
1442;12523.9252252
1444;12523.9252252
1446;12523.9252252
1448;12523.9252252
1450;12523.9252252
1452;12523.9252252
1454;12523.9252252
1456;12523.9252252
1458;12523.9252252
1460;12523.9252252
1462;12523.9252252
1464;12523.9252252
1466;12523.9252252
1468;12523.9252252
1470;12523.9252252
1472;12523.9252252
1474;12523.9252252
1476;12523.9252252
1478;12523.9252252
1480;12523.9252252
1482;12523.9252252
1484;12523.9252252
1486;12523.9252252
1488;12523.9252252
1490;12523.9252252
1492;12523.9252252
1494;12523.9252252
1496;12523.9252252
1498;12523.9252252
1500;12523.9252252
1502;12523.9252252
1504;12523.9252252
1506;12523.9252252
1508;12523.9252252
1510;12523.9252252
1512;12523.9252252
1514;12523.9252252
1516;12523.9252252
1518;12523.9252252
1520;12523.9252252
1522;12523.9252252
1524;12523.9252252
1526;12523.9252252
1528;12523.9252252
1530;12523.9252252
1532;12523.9252252
1534;12523.9252252
1536;12523.9252252
1538;12523.9252252
1540;12523.9252252
1542;12523.9252252
1544;12523.9252252
1546;12523.9252252
1548;12523.9252252
1550;12523.9252252
1552;12523.9252252
1554;12523.9252252
1556;12523.9252252
1558;12523.9252252
1560;12523.9252252
1562;12523.9252252
1564;12523.9252252
1566;12523.9252252
1568;12523.9252252
1570;12523.9252252
1572;12523.9252252
1574;12523.9252252
1576;12523.9252252
1578;12523.9252252
1580;12523.9252252
1582;12523.9252252
1584;12523.9252252
1586;12523.9252252
1588;12523.9252252
1590;12523.9252252
1592;12523.9252252
1594;12523.9252252
1596;12523.9252252
1598;12523.9252252
1600;12523.9252252
1602;12523.9252252
1604;12523.9252252
1606;12523.9252252
1608;12523.9252252
1610;12523.9252252
1612;12523.9252252
1614;12523.9252252
1616;12523.9252252
1618;12523.9252252
1620;12523.9252252
1622;12523.9252252
1624;12523.9252252
1626;12523.9252252
1628;12523.9252252
1630;12523.9252252
1632;12523.9252252
1634;12523.9252252
1636;12523.9252252
1638;12523.9252252
1640;12523.9252252
1642;12523.9252252
1644;12523.9252252
1646;12523.9252252
1648;12523.9252252
1650;12523.9252252
1652;12523.9252252
1654;12523.9252252
1656;12523.9252252
1658;12523.9252252
1660;12523.9252252
1662;12523.9252252
1664;12523.9252252
1666;12523.9252252
1668;12523.9252252
1670;12523.9252252
1672;12523.9252252
1674;12523.9252252
1676;12523.9252252
1678;12523.9252252
1680;12523.9252252
1682;12523.9252252
1684;12523.9252252
1686;12523.9252252
1688;12523.9252252
1690;12523.9252252
1692;12523.9252252
1694;12523.9252252
1696;12523.9252252
1698;12523.9252252
1700;12523.9252252
1702;12523.9252252
1704;12523.9252252
1706;12523.9252252
1708;12523.9252252
1710;12523.9252252
1712;12523.9252252
1714;12523.9252252
1716;12523.9252252
1718;12523.9252252
1720;12523.9252252
1722;12523.9252252
1724;12523.9252252
1726;12523.9252252
1728;12523.9252252
1730;12523.9252252
1732;12523.9252252
1734;12523.9252252
1736;12523.9252252
1738;12523.9252252
1740;12523.9252252
1742;12523.9252252
1744;12523.9252252
1746;12523.9252252
1748;12523.9252252
1750;12523.9252252
1752;12523.9252252
1754;12523.9252252
1756;12523.9252252
1758;12523.9252252
1760;12523.9252252
1762;12523.9252252
1764;12523.9252252
1766;12523.9252252
1768;12523.9252252
1770;12523.9252252
1772;12523.9252252
1774;12523.9252252
1776;12523.9252252
1778;12523.9252252
1780;12523.9252252
1782;12523.9252252
1784;12523.9252252
1786;12523.9252252
1788;12523.9252252
1790;12523.9252252
1792;12523.9252252
1794;12523.9252252
1796;12523.9252252
1798;12523.9252252
1800;12523.9252252
1802;12523.9252252
1804;12523.9252252
1806;12523.9252252
1808;12523.9252252
1810;12523.9252252
1812;12523.9252252
1814;12523.9252252
1816;12523.9252252
1818;12523.9252252
1820;12523.9252252
1822;12523.9252252
1824;12523.9252252
1826;12523.9252252
1828;12523.9252252
1830;12523.9252252
1832;12523.9252252
1834;12523.9252252
1836;12523.9252252
1838;12523.9252252
1840;12523.9252252
1842;12523.9252252
1844;12523.9252252
1846;12523.9252252
1848;12523.9252252
1850;12523.9252252
1852;12523.9252252
1854;12523.9252252
1856;12523.9252252
1858;12523.9252252
1860;12523.9252252
1862;12523.9252252
1864;12523.9252252
1866;12523.9252252
1868;12523.9252252
1870;12523.9252252
1872;12523.9252252
1874;12523.9252252
1876;12523.9252252
1878;12523.9252252
1880;12523.9252252
1882;12523.9252252
1884;12523.9252252
1886;12523.9252252
1888;12523.9252252
1890;12523.9252252
1892;12523.9252252
1894;12523.9252252
1896;12523.9252252
1898;12523.9252252
1900;12523.9252252
1902;12523.9252252
1904;12523.9252252
1906;12523.9252252
1908;12523.9252252
1910;12523.9252252
1912;12523.9252252
1914;12523.9252252
1916;12523.9252252
1918;12523.9252252
1920;12523.9252252
1922;12523.9252252
1924;12523.9252252
1926;12523.9252252
1928;12523.9252252
1930;12523.9252252
1932;12523.9252252
1934;12523.9252252
1936;12523.9252252
1938;12523.9252252
1940;12523.9252252
1942;12523.9252252
1944;12523.9252252
1946;12523.9252252
1948;12523.9252252
1950;12523.9252252
1952;12523.9252252
1954;12523.9252252
1956;12523.9252252
1958;12523.9252252
1960;12523.9252252
1962;12523.9252252
1964;12523.9252252
1966;12523.9252252
1968;12523.9252252
1970;12523.9252252
1972;12523.9252252
1974;12523.9252252
1976;12523.9252252
1978;12523.9252252
1980;12523.9252252
1982;12523.9252252
1984;12523.9252252
1986;12523.9252252
1988;12523.9252252
1990;12523.9252252
1992;12523.9252252
1994;12523.9252252
1996;12523.9252252
1998;12523.9252252
2000;12523.9252252
2002;12523.9252252
2004;12523.9252252
2006;12523.9252252
2008;12523.9252252
2010;12523.9252252
2012;12523.9252252
2014;12523.9252252
2016;12523.9252252
2018;12523.9252252
2020;12523.9252252
2022;12523.9252252
2024;12523.9252252
2026;12523.9252252
2028;12523.9252252
2030;12523.9252252
2032;12523.9252252
2034;12523.9252252
2036;12523.9252252
2038;12523.9252252
2040;12523.9252252
2042;12523.9252252
2044;12523.9252252
2046;12523.9252252
2048;12523.9252252
2050;12523.9252252
2052;12523.9252252
2054;12523.9252252
2056;12523.9252252
2058;12523.9252252
2060;12523.9252252
2062;12523.9252252
2064;12523.9252252
2066;12523.9252252
2068;12523.9252252
2070;12523.9252252
2072;12523.9252252
2074;12523.9252252
2076;12523.9252252
2078;12523.9252252
2080;12523.9252252
2082;12523.9252252
2084;12523.9252252
2086;12523.9252252
2088;12523.9252252
2090;12523.9252252
2092;12523.9252252
2094;12523.9252252
2096;12523.9252252
2098;12523.9252252
2100;12523.9252252
2102;12523.9252252
2104;12523.9252252
2106;12523.9252252
2108;12523.9252252
2110;12523.9252252
2112;12523.9252252
2114;12523.9252252
2116;12523.9252252
2118;12523.9252252
2120;12523.9252252
2122;12523.9252252
2124;12523.9252252
2126;12523.9252252
2128;12523.9252252
2130;12523.9252252
2132;12523.9252252
2134;12523.9252252
2136;12523.9252252
2138;12523.9252252
2140;12523.9252252
2142;12523.9252252
2144;12523.9252252
2146;12523.9252252
2148;12523.9252252
2150;12523.9252252
2152;12523.9252252
2154;12523.9252252
2156;12523.9252252
2158;12523.9252252
2160;12523.9252252
2162;12523.9252252
2164;12523.9252252
2166;12523.9252252
2168;12523.9252252
2170;12523.9252252
2172;12523.9252252
2174;12523.9252252
2176;12523.9252252
2178;12523.9252252
2180;12523.9252252
2182;12523.9252252
2184;12523.9252252
2186;12523.9252252
2188;12523.9252252
2190;12523.9252252
2192;12523.9252252
2194;12523.9252252
2196;12523.9252252
2198;12523.9252252
2200;12523.9252252
2202;12523.9252252
2204;12523.9252252
2206;12523.9252252
2208;12523.9252252
2210;12523.9252252
2212;12523.9252252
2214;12523.9252252
2216;12523.9252252
2218;12523.9252252
2220;12523.9252252
2222;12523.9252252
2224;12523.9252252
2226;12523.9252252
2228;12523.9252252
2230;12523.9252252
2232;12523.9252252
2234;12523.9252252
2236;12523.9252252
2238;12523.9252252
2240;12523.9252252
2242;12523.9252252
2244;12523.9252252
2246;12523.9252252
2248;12523.9252252
2250;12523.9252252
2252;12523.9252252
2254;12523.9252252
2256;12523.9252252
2258;12523.9252252
2260;12523.9252252
2262;12523.9252252
2264;12523.9252252
2266;12523.9252252
2268;12523.9252252
2270;12523.9252252
2272;12523.9252252
2274;12523.9252252
2276;12523.9252252
2278;12523.9252252
2280;12523.9252252
2282;12523.9252252
2284;12523.9252252
2286;12523.9252252
2288;12523.9252252
2290;12523.9252252
2292;12523.9252252
2294;12523.9252252
2296;12523.9252252
2298;12523.9252252
2300;12523.9252252
2302;12523.9252252
2304;12523.9252252
2306;12523.9252252
2308;12523.9252252
2310;12523.9252252
2312;12523.9252252
2314;12523.9252252
2316;12523.9252252
2318;12523.9252252
2320;12523.9252252
2322;12523.9252252
2324;12523.9252252
2326;12523.9252252
2328;12523.9252252
2330;12523.9252252
2332;12523.9252252
2334;12523.9252252
2336;12523.9252252
2338;12523.9252252
2340;12523.9252252
2342;12523.9252252
2344;12523.9252252
2346;12523.9252252
2348;12523.9252252
2350;12523.9252252
2352;12523.9252252
2354;12523.9252252
2356;12523.9252252
2358;12523.9252252
2360;12523.9252252
2362;12523.9252252
2364;12523.9252252
2366;12523.9252252
2368;12523.9252252
2370;12523.9252252
2372;12523.9252252
2374;12523.9252252
2376;12523.9252252
2378;12523.9252252
2380;12523.9252252
2382;12523.9252252
2384;12523.9252252
2386;12523.9252252
2388;12523.9252252
2390;12523.9252252
2392;12523.9252252
2394;12523.9252252
2396;12523.9252252
2398;12523.9252252
2400;12523.9252252
2402;12523.9252252
2404;12523.9252252
2406;12523.9252252
2408;12523.9252252
2410;12523.9252252
2412;12523.9252252
2414;12523.9252252
2416;12523.9252252
2418;12523.9252252
2420;12523.9252252
2422;12523.9252252
2424;12523.9252252
2426;12523.9252252
2428;12523.9252252
2430;12523.9252252
2432;12523.9252252
2434;12523.9252252
2436;12523.9252252
2438;12523.9252252
2440;12523.9252252
2442;12523.9252252
2444;12523.9252252
2446;12523.9252252
2448;12523.9252252
2450;12523.9252252
2452;12523.9252252
2454;12523.9252252
2456;12523.9252252
2458;12523.9252252
2460;12523.9252252
2462;12523.9252252
2464;12523.9252252
2466;12523.9252252
2468;12523.9252252
2470;12523.9252252
2472;12523.9252252
2474;12523.9252252
2476;12523.9252252
2478;12523.9252252
2480;12523.9252252
2482;12523.9252252
2484;12523.9252252
2486;12523.9252252
2488;12523.9252252
2490;12523.9252252
2492;12523.9252252
2494;12523.9252252
2496;12523.9252252
2498;12523.9252252
2500;12523.9252252
2502;12523.9252252
2504;12523.9252252
2506;12523.9252252
2508;12523.9252252
2510;12523.9252252
2512;12523.9252252
2514;12523.9252252
2516;12523.9252252
2518;12523.9252252
2520;12523.9252252
2522;12523.9252252
2524;12523.9252252
2526;12523.9252252
2528;12523.9252252
2530;12523.9252252
2532;12523.9252252
2534;12523.9252252
2536;12523.9252252
2538;12523.9252252
2540;12523.9252252
2542;12523.9252252
2544;12523.9252252
2546;12523.9252252
2548;12523.9252252
2550;12523.9252252
2552;12523.9252252
2554;12523.9252252
2556;12523.9252252
2558;12523.9252252
2560;12523.9252252
2562;12523.9252252
2564;12523.9252252
2566;12523.9252252
2568;12523.9252252
2570;12523.9252252
2572;12523.9252252
2574;12523.9252252
2576;12523.9252252
2578;12523.9252252
2580;12523.9252252
2582;12523.9252252
2584;12523.9252252
2586;12523.9252252
2588;12523.9252252
2590;12523.9252252
2592;12523.9252252
2594;12523.9252252
2596;12523.9252252
2598;12523.9252252
2600;12523.9252252
2602;12523.9252252
2604;12523.9252252
2606;12523.9252252
2608;12523.9252252
2610;12523.9252252
2612;12523.9252252
2614;12523.9252252
2616;12523.9252252
2618;12523.9252252
2620;12523.9252252
2622;12523.9252252
2624;12523.9252252
2626;12523.9252252
2628;12523.9252252
2630;12523.9252252
2632;12523.9252252
2634;12523.9252252
2636;12523.9252252
2638;12523.9252252
2640;12523.9252252
2642;12523.9252252
2644;12523.9252252
2646;12523.9252252
2648;12523.9252252
2650;12523.9252252
2652;12523.9252252
2654;12523.9252252
2656;12523.9252252
2658;12523.9252252
2660;12523.9252252
2662;12523.9252252
2664;12523.9252252
2666;12523.9252252
2668;12523.9252252
2670;12523.9252252
2672;12523.9252252
2674;12523.9252252
2676;12523.9252252
2678;12523.9252252
2680;12523.9252252
2682;12523.9252252
2684;12523.9252252
2686;12523.9252252
2688;12523.9252252
2690;12523.9252252
2692;12523.9252252
2694;12523.9252252
2696;12523.9252252
2698;12523.9252252
2700;12523.9252252
2702;12523.9252252
2704;12523.9252252
2706;12523.9252252
2708;12523.9252252
2710;12523.9252252
2712;12523.9252252
2714;12523.9252252
2716;12523.9252252
2718;12523.9252252
2720;12523.9252252
2722;12523.9252252
2724;12523.9252252
2726;12523.9252252
2728;12523.9252252
2730;12523.9252252
2732;12523.9252252
2734;12523.9252252
2736;12523.9252252
2738;12523.9252252
2740;12523.9252252
2742;12523.9252252
2744;12523.9252252
2746;12523.9252252
2748;12523.9252252
2750;12523.9252252
2752;12523.9252252
2754;12523.9252252
2756;12523.9252252
2758;12523.9252252
2760;12523.9252252
2762;12523.9252252
2764;12523.9252252
2766;12523.9252252
2768;12523.9252252
2770;12523.9252252
2772;12523.9252252
2774;12523.9252252
2776;12523.9252252
2778;12523.9252252
2780;12523.9252252
2782;12523.9252252
2784;12523.9252252
2786;12523.9252252
2788;12523.9252252
2790;12523.9252252
2792;12523.9252252
2794;12523.9252252
2796;12523.9252252
2798;12523.9252252
2800;12523.9252252
2802;12523.9252252
2804;12523.9252252
2806;12523.9252252
2808;12523.9252252
2810;12523.9252252
2812;12523.9252252
2814;12523.9252252
2816;12523.9252252
2818;12523.9252252
2820;12523.9252252
2822;12523.9252252
2824;12523.9252252
2826;12523.9252252
2828;12523.9252252
2830;12523.9252252
2832;12523.9252252
2834;12523.9252252
2836;12523.9252252
2838;12523.9252252
2840;12523.9252252
2842;12523.9252252
2844;12523.9252252
2846;12523.9252252
2848;12523.9252252
2850;12523.9252252
2852;12523.9252252
2854;12523.9252252
2856;12523.9252252
2858;12523.9252252
2860;12523.9252252
2862;12523.9252252
2864;12523.9252252
2866;12523.9252252
2868;12523.9252252
2870;12523.9252252
2872;12523.9252252
2874;12523.9252252
2876;12523.9252252
2878;12523.9252252
2880;12523.9252252
2882;12523.9252252
2884;12523.9252252
2886;12523.9252252
2888;12523.9252252
2890;12523.9252252
2892;12523.9252252
2894;12523.9252252
2896;12523.9252252
2898;12523.9252252
2900;12523.9252252
2902;12523.9252252
2904;12523.9252252
2906;12523.9252252
2908;12523.9252252
2910;12523.9252252
2912;12523.9252252
2914;12523.9252252
2916;12523.9252252
2918;12523.9252252
2920;12523.9252252
2922;12523.9252252
2924;12523.9252252
2926;12523.9252252
2928;12523.9252252
2930;12523.9252252
2932;12523.9252252
2934;12523.9252252
2936;12523.9252252
2938;12523.9252252
2940;12523.9252252
2942;12523.9252252
2944;12523.9252252
2946;12523.9252252
2948;12523.9252252
2950;12523.9252252
2952;12523.9252252
2954;12523.9252252
2956;12523.9252252
2958;12523.9252252
2960;12523.9252252
2962;12523.9252252
2964;12523.9252252
2966;12523.9252252
2968;12523.9252252
2970;12523.9252252
2972;12523.9252252
2974;12523.9252252
2976;12523.9252252
2978;12523.9252252
2980;12523.9252252
2982;12523.9252252
2984;12523.9252252
2986;12523.9252252
2988;12523.9252252
2990;12523.9252252
2992;12523.9252252
2994;12523.9252252
2996;12523.9252252
2998;12523.9252252
3000;12523.9252252
3002;12523.9252252
3004;12523.9252252
3006;12523.9252252
3008;12523.9252252
3010;12523.9252252
3012;12523.9252252
3014;12523.9252252
3016;12523.9252252
3018;12523.9252252
3020;12523.9252252
3022;12523.9252252
3024;12523.9252252
3026;12523.9252252
3028;12523.9252252
3030;12523.9252252
3032;12523.9252252
3034;12523.9252252
3036;12523.9252252
3038;12523.9252252
3040;12523.9252252
3042;12523.9252252
3044;12523.9252252
3046;12523.9252252
3048;12523.9252252
3050;12523.9252252
3052;12523.9252252
3054;12523.9252252
3056;12523.9252252
3058;12523.9252252
3060;12523.9252252
3062;12523.9252252
3064;12523.9252252
3066;12523.9252252
3068;12523.9252252
3070;12523.9252252
3072;12523.9252252
3074;12523.9252252
3076;12523.9252252
3078;12523.9252252
3080;12523.9252252
3082;12523.9252252
3084;12523.9252252
3086;12523.9252252
3088;12523.9252252
3090;12523.9252252
3092;12523.9252252
3094;12523.9252252
3096;12523.9252252
3098;12523.9252252
3100;12523.9252252
3102;12523.9252252
3104;12523.9252252
3106;12523.9252252
3108;12523.9252252
3110;12523.9252252
3112;12523.9252252
3114;12523.9252252
3116;12523.9252252
3118;12523.9252252
3120;12523.9252252
3122;12523.9252252
3124;12523.9252252
3126;12523.9252252
3128;12523.9252252
3130;12523.9252252
3132;12523.9252252
3134;12523.9252252
3136;12523.9252252
3138;12523.9252252
3140;12523.9252252
3142;12523.9252252
3144;12523.9252252
3146;12523.9252252
3148;12523.9252252
3150;12523.9252252
3152;12523.9252252
3154;12523.9252252
3156;12523.9252252
3158;12523.9252252
3160;12523.9252252
3162;12523.9252252
3164;12523.9252252
3166;12523.9252252
3168;12523.9252252
3170;12523.9252252
3172;12523.9252252
3174;12523.9252252
3176;12523.9252252
3178;12523.9252252
3180;12523.9252252
3182;12523.9252252
3184;12523.9252252
3186;12523.9252252
3188;12523.9252252
3190;12523.9252252
3192;12523.9252252
3194;12523.9252252
3196;12523.9252252
3198;12523.9252252
3200;12523.9252252
3202;12523.9252252
3204;12523.9252252
3206;12523.9252252
3208;12523.9252252
3210;12523.9252252
3212;12523.9252252
3214;12523.9252252
3216;12523.9252252
3218;12523.9252252
3220;12523.9252252
3222;12523.9252252
3224;12523.9252252
3226;12523.9252252
3228;12523.9252252
3230;12523.9252252
3232;12523.9252252
3234;12523.9252252
3236;12523.9252252
3238;12523.9252252
3240;12523.9252252
3242;12523.9252252
3244;12523.9252252
3246;12523.9252252
3248;12523.9252252
3250;12523.9252252
3252;12523.9252252
3254;12523.9252252
3256;12523.9252252
3258;12523.9252252
3260;12523.9252252
3262;12523.9252252
3264;12523.9252252
3266;12523.9252252
3268;12523.9252252
3270;12523.9252252
3272;12523.9252252
3274;12523.9252252
3276;12523.9252252
3278;12523.9252252
3280;12523.9252252
3282;12523.9252252
3284;12523.9252252
3286;12523.9252252
3288;12523.9252252
3290;12523.9252252
3292;12523.9252252
3294;12523.9252252
3296;12523.9252252
3298;12523.9252252
3300;12523.9252252
3302;12523.9252252
3304;12523.9252252
3306;12523.9252252
3308;12523.9252252
3310;12523.9252252
3312;12523.9252252
3314;12523.9252252
3316;12523.9252252
3318;12523.9252252
3320;12523.9252252
3322;12523.9252252
3324;12523.9252252
3326;12523.9252252
3328;12523.9252252
3330;12523.9252252
3332;12523.9252252
3334;12523.9252252
3336;12523.9252252
3338;12523.9252252
3340;12523.9252252
3342;12523.9252252
3344;12523.9252252
3346;12523.9252252
3348;12523.9252252
3350;12523.9252252
3352;12523.9252252
3354;12523.9252252
3356;12523.9252252
3358;12523.9252252
3360;12523.9252252
3362;12523.9252252
3364;12523.9252252
3366;12523.9252252
3368;12523.9252252
3370;12523.9252252
3372;12523.9252252
3374;12523.9252252
3376;12523.9252252
3378;12523.9252252
3380;12523.9252252
3382;12523.9252252
3384;12523.9252252
3386;12523.9252252
3388;12523.9252252
3390;12523.9252252
3392;12523.9252252
3394;12523.9252252
3396;12523.9252252
3398;12523.9252252
3400;12523.9252252
3402;12523.9252252
3404;12523.9252252
3406;12523.9252252
3408;12523.9252252
3410;12523.9252252
3412;12523.9252252
3414;12523.9252252
3416;12523.9252252
3418;12523.9252252
3420;12523.9252252
3422;12523.9252252
3424;12523.9252252
3426;12523.9252252
3428;12523.9252252
3430;12523.9252252
3432;12523.9252252
3434;12523.9252252
3436;12523.9252252
3438;12523.9252252
3440;12523.9252252
3442;12523.9252252
3444;12523.9252252
3446;12523.9252252
3448;12523.9252252
3450;12523.9252252
3452;12523.9252252
3454;12523.9252252
3456;12523.9252252
3458;12523.9252252
3460;12523.9252252
3462;12523.9252252
3464;12523.9252252
3466;12523.9252252
3468;12523.9252252
3470;12523.9252252
3472;12523.9252252
3474;12523.9252252
3476;12523.9252252
3478;12523.9252252
3480;12523.9252252
3482;12523.9252252
3484;12523.9252252
3486;12523.9252252
3488;12523.9252252
3490;12523.9252252
3492;12523.9252252
3494;12523.9252252
3496;12523.9252252
3498;12523.9252252
3500;12523.9252252
3502;12523.9252252
3504;12523.9252252
3506;12523.9252252
3508;12523.9252252
3510;12523.9252252
3512;12523.9252252
3514;12523.9252252
3516;12523.9252252
3518;12523.9252252
3520;12523.9252252
3522;12523.9252252
3524;12523.9252252
3526;12523.9252252
3528;12523.9252252
3530;12523.9252252
3532;12523.9252252
3534;12523.9252252
3536;12523.9252252
3538;12523.9252252
3540;12523.9252252
3542;12523.9252252
3544;12523.9252252
3546;12523.9252252
3548;12523.9252252
3550;12523.9252252
3552;12523.9252252
3554;12523.9252252
3556;12523.9252252
3558;12523.9252252
3560;12523.9252252
3562;12523.9252252
3564;12523.9252252
3566;12523.9252252
3568;12523.9252252
3570;12523.9252252
3572;12523.9252252
3574;12523.9252252
3576;12523.9252252
3578;12523.9252252
3580;12523.9252252
3582;12523.9252252
3584;12523.9252252
3586;12523.9252252
3588;12523.9252252
3590;12523.9252252
3592;12523.9252252
3594;12523.9252252
3596;12523.9252252
3598;12523.9252252
3600;12523.9252252
3602;12523.9252252
3604;12523.9252252
3606;12523.9252252
3608;12523.9252252
3610;12523.9252252
3612;12523.9252252
3614;12523.9252252
3616;12523.9252252
3618;12523.9252252
3620;12523.9252252
3622;12523.9252252
3624;12523.9252252
3626;12523.9252252
3628;12523.9252252
3630;12523.9252252
3632;12523.9252252
3634;12523.9252252
3636;12523.9252252
3638;12523.9252252
3640;12523.9252252
3642;12523.9252252
3644;12523.9252252
3646;12523.9252252
3648;12523.9252252
3650;12523.9252252
3652;12523.9252252
3654;12523.9252252
3656;12523.9252252
3658;12523.9252252
3660;12523.9252252
3662;12523.9252252
3664;12523.9252252
3666;12523.9252252
3668;12523.9252252
3670;12523.9252252
3672;12523.9252252
3674;12523.9252252
3676;12523.9252252
3678;12523.9252252
3680;12523.9252252
3682;12523.9252252
3684;12523.9252252
3686;12523.9252252
3688;12523.9252252
3690;12523.9252252
3692;12523.9252252
3694;12523.9252252
3696;12523.9252252
3698;12523.9252252
3700;12523.9252252
3702;12523.9252252
3704;12523.9252252
3706;12523.9252252
3708;12523.9252252
3710;12523.9252252
3712;12523.9252252
3714;12523.9252252
3716;12523.9252252
3718;12523.9252252
3720;12523.9252252
3722;12523.9252252
3724;12523.9252252
3726;12523.9252252
3728;12523.9252252
3730;12523.9252252
3732;12523.9252252
3734;12523.9252252
3736;12523.9252252
3738;12523.9252252
3740;12523.9252252
3742;12523.9252252
3744;12523.9252252
3746;12523.9252252
3748;12523.9252252
3750;12523.9252252
3752;12523.9252252
3754;12523.9252252
3756;12523.9252252
3758;12523.9252252
3760;12523.9252252
3762;12523.9252252
3764;12523.9252252
3766;12523.9252252
3768;12523.9252252
3770;12523.9252252
3772;12523.9252252
3774;12523.9252252
3776;12523.9252252
3778;12523.9252252
3780;12523.9252252
3782;12523.9252252
3784;12523.9252252
3786;12523.9252252
3788;12523.9252252
3790;12523.9252252
3792;12523.9252252
3794;12523.9252252
3796;12523.9252252
3798;12523.9252252
3800;12523.9252252
3802;12523.9252252
3804;12523.9252252
3806;12523.9252252
3808;12523.9252252
3810;12523.9252252
3812;12523.9252252
3814;12523.9252252
3816;12523.9252252
3818;12523.9252252
3820;12523.9252252
3822;12523.9252252
3824;12523.9252252
3826;12523.9252252
3828;12523.9252252
3830;12523.9252252
3832;12523.9252252
3834;12523.9252252
3836;12523.9252252
3838;12523.9252252
3840;12523.9252252
3842;12523.9252252
3844;12523.9252252
3846;12523.9252252
3848;12523.9252252
3850;12523.9252252
3852;12523.9252252
3854;12523.9252252
3856;12523.9252252
3858;12523.9252252
3860;12523.9252252
3862;12523.9252252
3864;12523.9252252
3866;12523.9252252
3868;12523.9252252
3870;12523.9252252
3872;12523.9252252
3874;12523.9252252
3876;12523.9252252
3878;12523.9252252
3880;12523.9252252
3882;12523.9252252
3884;12523.9252252
3886;12523.9252252
3888;12523.9252252
3890;12523.9252252
3892;12523.9252252
3894;12523.9252252
3896;12523.9252252
3898;12523.9252252
3900;12523.9252252
3902;12523.9252252
3904;12523.9252252
3906;12523.9252252
3908;12523.9252252
3910;12523.9252252
3912;12523.9252252
3914;12523.9252252
3916;12523.9252252
3918;12523.9252252
3920;12523.9252252
3922;12523.9252252
3924;12523.9252252
3926;12523.9252252
3928;12523.9252252
3930;12523.9252252
3932;12523.9252252
3934;12523.9252252
3936;12523.9252252
3938;12523.9252252
3940;12523.9252252
3942;12523.9252252
3944;12523.9252252
3946;12523.9252252
3948;12523.9252252
3950;12523.9252252
3952;12523.9252252
3954;12523.9252252
3956;12523.9252252
3958;12523.9252252
3960;12523.9252252
3962;12523.9252252
3964;12523.9252252
3966;12523.9252252
3968;12523.9252252
3970;12523.9252252
3972;12523.9252252
3974;12523.9252252
3976;12523.9252252
3978;12523.9252252
3980;12523.9252252
3982;12523.9252252
3984;12523.9252252
3986;12523.9252252
3988;12523.9252252
3990;12523.9252252
3992;12523.9252252
3994;12523.9252252
3996;12523.9252252
3998;12523.9252252
4000;12523.9252252
4002;12523.9252252
4004;12523.9252252
4006;12523.9252252
4008;12523.9252252
4010;12523.9252252
4012;12523.9252252
4014;12523.9252252
4016;12523.9252252
4018;12523.9252252
4020;12523.9252252
4022;12523.9252252
4024;12523.9252252
4026;12523.9252252
4028;12523.9252252
4030;12523.9252252
4032;12523.9252252
4034;12523.9252252
4036;12523.9252252
4038;12523.9252252
4040;12523.9252252
4042;12523.9252252
4044;12523.9252252
4046;12523.9252252
4048;12523.9252252
4050;12523.9252252
4052;12523.9252252
4054;12523.9252252
4056;12523.9252252
4058;12523.9252252
4060;12523.9252252
4062;12523.9252252
4064;12523.9252252
4066;12523.9252252
4068;12523.9252252
4070;12523.9252252
4072;12523.9252252
4074;12523.9252252
4076;12523.9252252
4078;12523.9252252
4080;12523.9252252
4082;12523.9252252
4084;12523.9252252
4086;12523.9252252
4088;12523.9252252
4090;12523.9252252
4092;12523.9252252
4094;12523.9252252
4096;12523.9252252
4098;12523.9252252
4100;12523.9252252
4102;12523.9252252
4104;12523.9252252
4106;12523.9252252
4108;12523.9252252
4110;12523.9252252
4112;12523.9252252
4114;12523.9252252
4116;12523.9252252
4118;12523.9252252
4120;12523.9252252
4122;12523.9252252
4124;12523.9252252
4126;12523.9252252
4128;12523.9252252
4130;12523.9252252
4132;12523.9252252
4134;12523.9252252
4136;12523.9252252
4138;12523.9252252
4140;12523.9252252
4142;12523.9252252
4144;12523.9252252
4146;12523.9252252
4148;12523.9252252
4150;12523.9252252
4152;12523.9252252
4154;12523.9252252
4156;12523.9252252
4158;12523.9252252
4160;12523.9252252
4162;12523.9252252
4164;12523.9252252
4166;12523.9252252
4168;12523.9252252
4170;12523.9252252
4172;12523.9252252
4174;12523.9252252
4176;12523.9252252
4178;12523.9252252
4180;12523.9252252
4182;12523.9252252
4184;12523.9252252
4186;12523.9252252
4188;12523.9252252
4190;12523.9252252
4192;12523.9252252
4194;12523.9252252
4196;12523.9252252
4198;12523.9252252
4200;12523.9252252
4202;12523.9252252
4204;12523.9252252
4206;12523.9252252
4208;12523.9252252
4210;12523.9252252
4212;12523.9252252
4214;12523.9252252
4216;12523.9252252
4218;12523.9252252
4220;12523.9252252
4222;12523.9252252
4224;12523.9252252
4226;12523.9252252
4228;12523.9252252
4230;12523.9252252
4232;12523.9252252
4234;12523.9252252
4236;12523.9252252
4238;12523.9252252
4240;12523.9252252
4242;12523.9252252
4244;12523.9252252
4246;12523.9252252
4248;12523.9252252
4250;12523.9252252
4252;12523.9252252
4254;12523.9252252
4256;12523.9252252
4258;12523.9252252
4260;12523.9252252
4262;12523.9252252
4264;12523.9252252
4266;12523.9252252
4268;12523.9252252
4270;12523.9252252
4272;12523.9252252
4274;12523.9252252
4276;12523.9252252
4278;12523.9252252
4280;12523.9252252
4282;12523.9252252
4284;12523.9252252
4286;12523.9252252
4288;12523.9252252
4290;12523.9252252
4292;12523.9252252
4294;12523.9252252
4296;12523.9252252
4298;12523.9252252
4300;12523.9252252
4302;12523.9252252
4304;12523.9252252
4306;12523.9252252
4308;12523.9252252
4310;12523.9252252
4312;12523.9252252
4314;12523.9252252
4316;12523.9252252
4318;12523.9252252
4320;12523.9252252
4322;12523.9252252
4324;12523.9252252
4326;12523.9252252
4328;12523.9252252
4330;12523.9252252
4332;12523.9252252
4334;12523.9252252
4336;12523.9252252
4338;12523.9252252
4340;12523.9252252
4342;12523.9252252
4344;12523.9252252
4346;12523.9252252
4348;12523.9252252
4350;12523.9252252
4352;12523.9252252
4354;12523.9252252
4356;12523.9252252
4358;12523.9252252
4360;12523.9252252
4362;12523.9252252
4364;12523.9252252
4366;12523.9252252
4368;12523.9252252
4370;12523.9252252
4372;12523.9252252
4374;12523.9252252
4376;12523.9252252
4378;12523.9252252
4380;12523.9252252
4382;12523.9252252
4384;12523.9252252
4386;12523.9252252
4388;12523.9252252
4390;12523.9252252
4392;12523.9252252
4394;12523.9252252
4396;12523.9252252
4398;12523.9252252
4400;12523.9252252
4402;12523.9252252
4404;12523.9252252
4406;12523.9252252
4408;12523.9252252
4410;12523.9252252
4412;12523.9252252
4414;12523.9252252
4416;12523.9252252
4418;12523.9252252
4420;12523.9252252
4422;12523.9252252
4424;12523.9252252
4426;12523.9252252
4428;12523.9252252
4430;12523.9252252
4432;12523.9252252
4434;12523.9252252
4436;12523.9252252
4438;12523.9252252
4440;12523.9252252
4442;12523.9252252
4444;12523.9252252
4446;12523.9252252
4448;12523.9252252
4450;12523.9252252
4452;12523.9252252
4454;12523.9252252
4456;12523.9252252
4458;12523.9252252
4460;12523.9252252
4462;12523.9252252
4464;12523.9252252
4466;12523.9252252
4468;12523.9252252
4470;12523.9252252
4472;12523.9252252
4474;12523.9252252
4476;12523.9252252
4478;12523.9252252
4480;12523.9252252
4482;12523.9252252
4484;12523.9252252
4486;12523.9252252
4488;12523.9252252
4490;12523.9252252
4492;12523.9252252
4494;12523.9252252
4496;12523.9252252
4498;12523.9252252
4500;12523.9252252
4502;12523.9252252
4504;12523.9252252
4506;12523.9252252
4508;12523.9252252
4510;12523.9252252
4512;12523.9252252
4514;12523.9252252
4516;12523.9252252
4518;12523.9252252
4520;12523.9252252
4522;12523.9252252
4524;12523.9252252
4526;12523.9252252
4528;12523.9252252
4530;12523.9252252
4532;12523.9252252
4534;12523.9252252
4536;12523.9252252
4538;12523.9252252
4540;12523.9252252
4542;12523.9252252
4544;12523.9252252
4546;12523.9252252
4548;12523.9252252
4550;12523.9252252
4552;12523.9252252
4554;12523.9252252
4556;12523.9252252
4558;12523.9252252
4560;12523.9252252
4562;12523.9252252
4564;12523.9252252
4566;12523.9252252
4568;12523.9252252
4570;12523.9252252
4572;12523.9252252
4574;12523.9252252
4576;12523.9252252
4578;12523.9252252
4580;12523.9252252
4582;12523.9252252
4584;12523.9252252
4586;12523.9252252
4588;12523.9252252
4590;12523.9252252
4592;12523.9252252
4594;12523.9252252
4596;12523.9252252
4598;12523.9252252
4600;12523.9252252
4602;12523.9252252
4604;12523.9252252
4606;12523.9252252
4608;12523.9252252
4610;12523.9252252
4612;12523.9252252
4614;12523.9252252
4616;12523.9252252
4618;12523.9252252
4620;12523.9252252
4622;12523.9252252
4624;12523.9252252
4626;12523.9252252
4628;12523.9252252
4630;12523.9252252
4632;12523.9252252
4634;12523.9252252
4636;12523.9252252
4638;12523.9252252
4640;12523.9252252
4642;12523.9252252
4644;12523.9252252
4646;12523.9252252
4648;12523.9252252
4650;12523.9252252
4652;12523.9252252
4654;12523.9252252
4656;12523.9252252
4658;12523.9252252
4660;12523.9252252
4662;12523.9252252
4664;12523.9252252
4666;12523.9252252
4668;12523.9252252
4670;12523.9252252
4672;12523.9252252
4674;12523.9252252
4676;12523.9252252
4678;12523.9252252
4680;12523.9252252
4682;12523.9252252
4684;12523.9252252
4686;12523.9252252
4688;12523.9252252
4690;12523.9252252
4692;12523.9252252
4694;12523.9252252
4696;12523.9252252
4698;12523.9252252
4700;12523.9252252
4702;12523.9252252
4704;12523.9252252
4706;12523.9252252
4708;12523.9252252
4710;12523.9252252
4712;12523.9252252
4714;12523.9252252
4716;12523.9252252
4718;12523.9252252
4720;12523.9252252
4722;12523.9252252
4724;12523.9252252
4726;12523.9252252
4728;12523.9252252
4730;12523.9252252
4732;12523.9252252
4734;12523.9252252
4736;12523.9252252
4738;12523.9252252
4740;12523.9252252
4742;12523.9252252
4744;12523.9252252
4746;12523.9252252
4748;12523.9252252
4750;12523.9252252
4752;12523.9252252
4754;12523.9252252
4756;12523.9252252
4758;12523.9252252
4760;12523.9252252
4762;12523.9252252
4764;12523.9252252
4766;12523.9252252
4768;12523.9252252
4770;12523.9252252
4772;12523.9252252
4774;12523.9252252
4776;12523.9252252
4778;12523.9252252
4780;12523.9252252
4782;12523.9252252
4784;12523.9252252
4786;12523.9252252
4788;12523.9252252
4790;12523.9252252
4792;12523.9252252
4794;12523.9252252
4796;12523.9252252
4798;12523.9252252
4800;12523.9252252
4802;12523.9252252
4804;12523.9252252
4806;12523.9252252
4808;12523.9252252
4810;12523.9252252
4812;12523.9252252
4814;12523.9252252
4816;12523.9252252
4818;12523.9252252
4820;12523.9252252
4822;12523.9252252
4824;12523.9252252
4826;12523.9252252
4828;12523.9252252
4830;12523.9252252
4832;12523.9252252
4834;12523.9252252
4836;12523.9252252
4838;12523.9252252
4840;12523.9252252
4842;12523.9252252
4844;12523.9252252
4846;12523.9252252
4848;12523.9252252
4850;12523.9252252
4852;12523.9252252
4854;12523.9252252
4856;12523.9252252
4858;12523.9252252
4860;12523.9252252
4862;12523.9252252
4864;12523.9252252
4866;12523.9252252
4868;12523.9252252
4870;12523.9252252
4872;12523.9252252
4874;12523.9252252
4876;12523.9252252
4878;12523.9252252
4880;12523.9252252
4882;12523.9252252
4884;12523.9252252
4886;12523.9252252
4888;12523.9252252
4890;12523.9252252
4892;12523.9252252
4894;12523.9252252
4896;12523.9252252
4898;12523.9252252
4900;12523.9252252
4902;12523.9252252
4904;12523.9252252
4906;12523.9252252
4908;12523.9252252
4910;12523.9252252
4912;12523.9252252
4914;12523.9252252
4916;12523.9252252
4918;12523.9252252
4920;12523.9252252
4922;12523.9252252
4924;12523.9252252
4926;12523.9252252
4928;12523.9252252
4930;12523.9252252
4932;12523.9252252
4934;12523.9252252
4936;12523.9252252
4938;12523.9252252
4940;12523.9252252
4942;12523.9252252
4944;12523.9252252
4946;12523.9252252
4948;12523.9252252
4950;12523.9252252
4952;12523.9252252
4954;12523.9252252
4956;12523.9252252
4958;12523.9252252
4960;12523.9252252
4962;12523.9252252
4964;12523.9252252
4966;12523.9252252
4968;12523.9252252
4970;12523.9252252
4972;12523.9252252
4974;12523.9252252
4976;12523.9252252
4978;12523.9252252
4980;12523.9252252
4982;12523.9252252
4984;12523.9252252
4986;12523.9252252
4988;12523.9252252
4990;12523.9252252
4992;12523.9252252
4994;12523.9252252
4996;12523.9252252
4998;12523.9252252
5000;12523.9252252
5002;12523.9252252
5004;12523.9252252
5006;12523.9252252
5008;12523.9252252
5010;12523.9252252
5012;12523.9252252
5014;12523.9252252
5016;12523.9252252
5018;12523.9252252
5020;12523.9252252
5022;12523.9252252
5024;12523.9252252
5026;12523.9252252
5028;12523.9252252
5030;12523.9252252
5032;12523.9252252
5034;12523.9252252
5036;12523.9252252
5038;12523.9252252
5040;12523.9252252
5042;12523.9252252
5044;12523.9252252
5046;12523.9252252
5048;12523.9252252
5050;12523.9252252
5052;12523.9252252
5054;12523.9252252
5056;12523.9252252
5058;12523.9252252
5060;12523.9252252
5062;12523.9252252
5064;12523.9252252
5066;12523.9252252
5068;12523.9252252
5070;12523.9252252
5072;12523.9252252
5074;12523.9252252
5076;12523.9252252
5078;12523.9252252
5080;12523.9252252
5082;12523.9252252
5084;12523.9252252
5086;12523.9252252
5088;12523.9252252
5090;12523.9252252
5092;12523.9252252
5094;12523.9252252
5096;12523.9252252
5098;12523.9252252
5100;12523.9252252
5102;12523.9252252
5104;12523.9252252
5106;12523.9252252
5108;12523.9252252
5110;12523.9252252
5112;12523.9252252
5114;12523.9252252
5116;12523.9252252
5118;12523.9252252
5120;12523.9252252
5122;12523.9252252
5124;12523.9252252
5126;12523.9252252
5128;12523.9252252
5130;12523.9252252
5132;12523.9252252
5134;12523.9252252
5136;12523.9252252
5138;12523.9252252
5140;12523.9252252
5142;12523.9252252
5144;12523.9252252
5146;12523.9252252
5148;12523.9252252
5150;12523.9252252
5152;12523.9252252
5154;12523.9252252
5156;12523.9252252
5158;12523.9252252
5160;12523.9252252
5162;12523.9252252
5164;12523.9252252
5166;12523.9252252
5168;12523.9252252
5170;12523.9252252
5172;12523.9252252
5174;12523.9252252
5176;12523.9252252
5178;12523.9252252
5180;12523.9252252
5182;12523.9252252
5184;12523.9252252
5186;12523.9252252
5188;12523.9252252
5190;12523.9252252
5192;12523.9252252
5194;12523.9252252
5196;12523.9252252
5198;12523.9252252
5200;12523.9252252
5202;12523.9252252
5204;12523.9252252
5206;12523.9252252
5208;12523.9252252
5210;12523.9252252
5212;12523.9252252
5214;12523.9252252
5216;12523.9252252
5218;12523.9252252
5220;12523.9252252
5222;12523.9252252
5224;12523.9252252
5226;12523.9252252
5228;12523.9252252
5230;12523.9252252
5232;12523.9252252
5234;12523.9252252
5236;12523.9252252
5238;12523.9252252
5240;12523.9252252
5242;12523.9252252
5244;12523.9252252
5246;12523.9252252
5248;12523.9252252
5250;12523.9252252
5252;12523.9252252
5254;12523.9252252
5256;12523.9252252
5258;12523.9252252
5260;12523.9252252
5262;12523.9252252
5264;12523.9252252
5266;12523.9252252
5268;12523.9252252
5270;12523.9252252
5272;12523.9252252
5274;12523.9252252
5276;12523.9252252
5278;12523.9252252
5280;12523.9252252
5282;12523.9252252
5284;12523.9252252
5286;12523.9252252
5288;12523.9252252
5290;12523.9252252
5292;12523.9252252
5294;12523.9252252
5296;12523.9252252
5298;12523.9252252
5300;12523.9252252
5302;12523.9252252
5304;12523.9252252
5306;12523.9252252
5308;12523.9252252
5310;12523.9252252
5312;12523.9252252
5314;12523.9252252
5316;12523.9252252
5318;12523.9252252
5320;12523.9252252
5322;12523.9252252
5324;12523.9252252
5326;12523.9252252
5328;12523.9252252
5330;12523.9252252
5332;12523.9252252
5334;12523.9252252
5336;12523.9252252
5338;12523.9252252
5340;12523.9252252
5342;12523.9252252
5344;12523.9252252
5346;12523.9252252
5348;12523.9252252
5350;12523.9252252
5352;12523.9252252
5354;12523.9252252
5356;12523.9252252
5358;12523.9252252
5360;12523.9252252
5362;12523.9252252
5364;12523.9252252
5366;12523.9252252
5368;12523.9252252
5370;12523.9252252
5372;12523.9252252
5374;12523.9252252
5376;12523.9252252
5378;12523.9252252
5380;12523.9252252
5382;12523.9252252
5384;12523.9252252
5386;12523.9252252
5388;12523.9252252
5390;12523.9252252
5392;12523.9252252
5394;12523.9252252
5396;12523.9252252
5398;12523.9252252
5400;12523.9252252
5402;12523.9252252
5404;12523.9252252
5406;12523.9252252
5408;12523.9252252
5410;12523.9252252
5412;12523.9252252
5414;12523.9252252
5416;12523.9252252
5418;12523.9252252
5420;12523.9252252
5422;12523.9252252
5424;12523.9252252
5426;12523.9252252
5428;12523.9252252
5430;12523.9252252
5432;12523.9252252
5434;12523.9252252
5436;12523.9252252
5438;12523.9252252
5440;12523.9252252
5442;12523.9252252
5444;12523.9252252
5446;12523.9252252
5448;12523.9252252
5450;12523.9252252
5452;12523.9252252
5454;12523.9252252
5456;12523.9252252
5458;12523.9252252
5460;12523.9252252
5462;12523.9252252
5464;12523.9252252
5466;12523.9252252
5468;12523.9252252
5470;12523.9252252
5472;12523.9252252
5474;12523.9252252
5476;12523.9252252
5478;12523.9252252
5480;12523.9252252
5482;12523.9252252
5484;12523.9252252
5486;12523.9252252
5488;12523.9252252
5490;12523.9252252
5492;12523.9252252
5494;12523.9252252
5496;12523.9252252
5498;12523.9252252
5500;12523.9252252
5502;12523.9252252
5504;12523.9252252
5506;12523.9252252
5508;12523.9252252
5510;12523.9252252
5512;12523.9252252
5514;12523.9252252
5516;12523.9252252
5518;12523.9252252
5520;12523.9252252
5522;12523.9252252
5524;12523.9252252
5526;12523.9252252
5528;12523.9252252
5530;12523.9252252
5532;12523.9252252
5534;12523.9252252
5536;12523.9252252
5538;12523.9252252
5540;12523.9252252
5542;12523.9252252
5544;12523.9252252
5546;12523.9252252
5548;12523.9252252
5550;12523.9252252
5552;12523.9252252
5554;12523.9252252
5556;12523.9252252
5558;12523.9252252
5560;12523.9252252
5562;12523.9252252
5564;12523.9252252
5566;12523.9252252
5568;12523.9252252
5570;12523.9252252
5572;12523.9252252
5574;12523.9252252
5576;12523.9252252
5578;12523.9252252
5580;12523.9252252
5582;12523.9252252
5584;12523.9252252
5586;12523.9252252
5588;12523.9252252
5590;12523.9252252
5592;12523.9252252
5594;12523.9252252
5596;12523.9252252
5598;12523.9252252
5600;12523.9252252
5602;12523.9252252
5604;12523.9252252
5606;12523.9252252
5608;12523.9252252
5610;12523.9252252
5612;12523.9252252
5614;12523.9252252
5616;12523.9252252
5618;12523.9252252
5620;12523.9252252
5622;12523.9252252
5624;12523.9252252
5626;12523.9252252
5628;12523.9252252
5630;12523.9252252
5632;12523.9252252
5634;12523.9252252
5636;12523.9252252
5638;12523.9252252
5640;12523.9252252
5642;12523.9252252
5644;12523.9252252
5646;12523.9252252
5648;12523.9252252
5650;12523.9252252
5652;12523.9252252
5654;12523.9252252
5656;12523.9252252
5658;12523.9252252
5660;12523.9252252
5662;12523.9252252
5664;12523.9252252
5666;12523.9252252
5668;12523.9252252
5670;12523.9252252
5672;12523.9252252
5674;12523.9252252
5676;12523.9252252
5678;12523.9252252
5680;12523.9252252
5682;12523.9252252
5684;12523.9252252
5686;12523.9252252
5688;12523.9252252
5690;12523.9252252
5692;12523.9252252
5694;12523.9252252
5696;12523.9252252
5698;12523.9252252
5700;12523.9252252
5702;12523.9252252
5704;12523.9252252
5706;12523.9252252
5708;12523.9252252
5710;12523.9252252
5712;12523.9252252
5714;12523.9252252
5716;12523.9252252
5718;12523.9252252
5720;12523.9252252
5722;12523.9252252
5724;12523.9252252
5726;12523.9252252
5728;12523.9252252
5730;12523.9252252
5732;12523.9252252
5734;12523.9252252
5736;12523.9252252
5738;12523.9252252
5740;12523.9252252
5742;12523.9252252
5744;12523.9252252
5746;12523.9252252
5748;12523.9252252
5750;12523.9252252
5752;12523.9252252
5754;12523.9252252
5756;12523.9252252
5758;12523.9252252
5760;12523.9252252
5762;12523.9252252
5764;12523.9252252
5766;12523.9252252
5768;12523.9252252
5770;12523.9252252
5772;12523.9252252
5774;12523.9252252
5776;12523.9252252
5778;12523.9252252
5780;12523.9252252
5782;12523.9252252
5784;12523.9252252
5786;12523.9252252
5788;12523.9252252
5790;12523.9252252
5792;12523.9252252
5794;12523.9252252
5796;12523.9252252
5798;12523.9252252
5800;12523.9252252
5802;12523.9252252
5804;12523.9252252
5806;12523.9252252
5808;12523.9252252
5810;12523.9252252
5812;12523.9252252
5814;12523.9252252
5816;12523.9252252
5818;12523.9252252
5820;12523.9252252
5822;12523.9252252
5824;12523.9252252
5826;12523.9252252
5828;12523.9252252
5830;12523.9252252
5832;12523.9252252
5834;12523.9252252
5836;12523.9252252
5838;12523.9252252
5840;12523.9252252
5842;12523.9252252
5844;12523.9252252
5846;12523.9252252
5848;12523.9252252
5850;12523.9252252
5852;12523.9252252
5854;12523.9252252
5856;12523.9252252
5858;12523.9252252
5860;12523.9252252
5862;12523.9252252
5864;12523.9252252
5866;12523.9252252
5868;12523.9252252
5870;12523.9252252
5872;12523.9252252
5874;12523.9252252
5876;12523.9252252
5878;12523.9252252
5880;12523.9252252
5882;12523.9252252
5884;12523.9252252
5886;12523.9252252
5888;12523.9252252
5890;12523.9252252
5892;12523.9252252
5894;12523.9252252
5896;12523.9252252
5898;12523.9252252
5900;12523.9252252
5902;12523.9252252
5904;12523.9252252
5906;12523.9252252
5908;12523.9252252
5910;12523.9252252
5912;12523.9252252
5914;12523.9252252
5916;12523.9252252
5918;12523.9252252
5920;12523.9252252
5922;12523.9252252
5924;12523.9252252
5926;12523.9252252
5928;12523.9252252
5930;12523.9252252
5932;12523.9252252
5934;12523.9252252
5936;12523.9252252
5938;12523.9252252
5940;12523.9252252
5942;12523.9252252
5944;12523.9252252
5946;12523.9252252
5948;12523.9252252
5950;12523.9252252
5952;12523.9252252
5954;12523.9252252
5956;12523.9252252
5958;12523.9252252
5960;12523.9252252
5962;12523.9252252
5964;12523.9252252
5966;12523.9252252
5968;12523.9252252
5970;12523.9252252
5972;12523.9252252
5974;12523.9252252
5976;12523.9252252
5978;12523.9252252
5980;12523.9252252
5982;12523.9252252
5984;12523.9252252
5986;12523.9252252
5988;12523.9252252
5990;12523.9252252
5992;12523.9252252
5994;12523.9252252
5996;12523.9252252
5998;12523.9252252
6000;12523.9252252
6002;12523.9252252
6004;12523.9252252
6006;12523.9252252
6008;12523.9252252
6010;12523.9252252
6012;12523.9252252
6014;12523.9252252
6016;12523.9252252
6018;12523.9252252
6020;12523.9252252
6022;12523.9252252
6024;12523.9252252
6026;12523.9252252
6028;12523.9252252
6030;12523.9252252
6032;12523.9252252
6034;12523.9252252
6036;12523.9252252
6038;12523.9252252
6040;12523.9252252
6042;12523.9252252
6044;12523.9252252
6046;12523.9252252
6048;12523.9252252
6050;12523.9252252
6052;12523.9252252
6054;12523.9252252
6056;12523.9252252
6058;12523.9252252
6060;12523.9252252
6062;12523.9252252
6064;12523.9252252
6066;12523.9252252
6068;12523.9252252
6070;12523.9252252
6072;12523.9252252
6074;12523.9252252
6076;12523.9252252
6078;12523.9252252
6080;12523.9252252
6082;12523.9252252
6084;12523.9252252
6086;12523.9252252
6088;12523.9252252
6090;12523.9252252
6092;12523.9252252
6094;12523.9252252
6096;12523.9252252
6098;12523.9252252
6100;12523.9252252
6102;12523.9252252
6104;12523.9252252
6106;12523.9252252
6108;12523.9252252
6110;12523.9252252
6112;12523.9252252
6114;12523.9252252
6116;12523.9252252
6118;12523.9252252
6120;12523.9252252
6122;12523.9252252
6124;12523.9252252
6126;12523.9252252
6128;12523.9252252
6130;12523.9252252
6132;12523.9252252
6134;12523.9252252
6136;12523.9252252
6138;12523.9252252
6140;12523.9252252
6142;12523.9252252
6144;12523.9252252
6146;12523.9252252
6148;12523.9252252
6150;12523.9252252
6152;12523.9252252
6154;12523.9252252
6156;12523.9252252
6158;12523.9252252
6160;12523.9252252
6162;12523.9252252
6164;12523.9252252
6166;12523.9252252
6168;12523.9252252
6170;12523.9252252
6172;12523.9252252
6174;12523.9252252
6176;12523.9252252
6178;12523.9252252
6180;12523.9252252
6182;12523.9252252
6184;12523.9252252
6186;12523.9252252
6188;12523.9252252
6190;12523.9252252
6192;12523.9252252
6194;12523.9252252
6196;12523.9252252
6198;12523.9252252
6200;12523.9252252
6202;12523.9252252
6204;12523.9252252
6206;12523.9252252
6208;12523.9252252
6210;12523.9252252
6212;12523.9252252
6214;12523.9252252
6216;12523.9252252
6218;12523.9252252
6220;12523.9252252
6222;12523.9252252
6224;12523.9252252
6226;12523.9252252
6228;12523.9252252
6230;12523.9252252
6232;12523.9252252
6234;12523.9252252
6236;12523.9252252
6238;12523.9252252
6240;12523.9252252
6242;12523.9252252
6244;12523.9252252
6246;12523.9252252
6248;12523.9252252
6250;12523.9252252
6252;12523.9252252
6254;12523.9252252
6256;12523.9252252
6258;12523.9252252
6260;12523.9252252
6262;12523.9252252
6264;12523.9252252
6266;12523.9252252
6268;12523.9252252
6270;12523.9252252
6272;12523.9252252
6274;12523.9252252
6276;12523.9252252
6278;12523.9252252
6280;12523.9252252
6282;12523.9252252
6284;12523.9252252
6286;12523.9252252
6288;12523.9252252
6290;12523.9252252
6292;12523.9252252
6294;12523.9252252
6296;12523.9252252
6298;12523.9252252
6300;12523.9252252
6302;12523.9252252
6304;12523.9252252
6306;12523.9252252
6308;12523.9252252
6310;12523.9252252
6312;12523.9252252
6314;12523.9252252
6316;12523.9252252
6318;12523.9252252
6320;12523.9252252
6322;12523.9252252
6324;12523.9252252
6326;12523.9252252
6328;12523.9252252
6330;12523.9252252
6332;12523.9252252
6334;12523.9252252
6336;12523.9252252
6338;12523.9252252
6340;12523.9252252
6342;12523.9252252
6344;12523.9252252
6346;12523.9252252
6348;12523.9252252
6350;12523.9252252
6352;12523.9252252
6354;12523.9252252
6356;12523.9252252
6358;12523.9252252
6360;12523.9252252
6362;12523.9252252
6364;12523.9252252
6366;12523.9252252
6368;12523.9252252
6370;12523.9252252
6372;12523.9252252
6374;12523.9252252
6376;12523.9252252
6378;12523.9252252
6380;12523.9252252
6382;12523.9252252
6384;12523.9252252
6386;12523.9252252
6388;12523.9252252
6390;12523.9252252
6392;12523.9252252
6394;12523.9252252
6396;12523.9252252
6398;12523.9252252
6400;12523.9252252
6402;12523.9252252
6404;12523.9252252
6406;12523.9252252
6408;12523.9252252
6410;12523.9252252
6412;12523.9252252
6414;12523.9252252
6416;12523.9252252
6418;12523.9252252
6420;12523.9252252
6422;12523.9252252
6424;12523.9252252
6426;12523.9252252
6428;12523.9252252
6430;12523.9252252
6432;12523.9252252
6434;12523.9252252
6436;12523.9252252
6438;12523.9252252
6440;12523.9252252
6442;12523.9252252
6444;12523.9252252
6446;12523.9252252
6448;12523.9252252
6450;12523.9252252
6452;12523.9252252
6454;12523.9252252
6456;12523.9252252
6458;12523.9252252
6460;12523.9252252
6462;12523.9252252
6464;12523.9252252
6466;12523.9252252
6468;12523.9252252
6470;12523.9252252
6472;12523.9252252
6474;12523.9252252
6476;12523.9252252
6478;12523.9252252
6480;12523.9252252
6482;12523.9252252
6484;12523.9252252
6486;12523.9252252
6488;12523.9252252
6490;12523.9252252
6492;12523.9252252
6494;12523.9252252
6496;12523.9252252
6498;12523.9252252
6500;12523.9252252
6502;12523.9252252
6504;12523.9252252
6506;12523.9252252
6508;12523.9252252
6510;12523.9252252
6512;12523.9252252
6514;12523.9252252
6516;12523.9252252
6518;12523.9252252
6520;12523.9252252
6522;12523.9252252
6524;12523.9252252
6526;12523.9252252
6528;12523.9252252
6530;12523.9252252
6532;12523.9252252
6534;12523.9252252
6536;12523.9252252
6538;12523.9252252
6540;12523.9252252
6542;12523.9252252
6544;12523.9252252
6546;12523.9252252
6548;12523.9252252
6550;12523.9252252
6552;12523.9252252
6554;12523.9252252
6556;12523.9252252
6558;12523.9252252
6560;12523.9252252
6562;12523.9252252
6564;12523.9252252
6566;12523.9252252
6568;12523.9252252
6570;12523.9252252
6572;12523.9252252
6574;12523.9252252
6576;12523.9252252
6578;12523.9252252
6580;12523.9252252
6582;12523.9252252
6584;12523.9252252
6586;12523.9252252
6588;12523.9252252
6590;12523.9252252
6592;12523.9252252
6594;12523.9252252
6596;12523.9252252
6598;12523.9252252
6600;12523.9252252
6602;12523.9252252
6604;12523.9252252
6606;12523.9252252
6608;12523.9252252
6610;12523.9252252
6612;12523.9252252
6614;12523.9252252
6616;12523.9252252
6618;12523.9252252
6620;12523.9252252
6622;12523.9252252
6624;12523.9252252
6626;12523.9252252
6628;12523.9252252
6630;12523.9252252
6632;12523.9252252
6634;12523.9252252
6636;12523.9252252
6638;12523.9252252
6640;12523.9252252
6642;12523.9252252
6644;12523.9252252
6646;12523.9252252
6648;12523.9252252
6650;12523.9252252
6652;12523.9252252
6654;12523.9252252
6656;12523.9252252
6658;12523.9252252
6660;12523.9252252
6662;12523.9252252
6664;12523.9252252
6666;12523.9252252
6668;12523.9252252
6670;12523.9252252
6672;12523.9252252
6674;12523.9252252
6676;12523.9252252
6678;12523.9252252
6680;12523.9252252
6682;12523.9252252
6684;12523.9252252
6686;12523.9252252
6688;12523.9252252
6690;12523.9252252
6692;12523.9252252
6694;12523.9252252
6696;12523.9252252
6698;12523.9252252
6700;12523.9252252
6702;12523.9252252
6704;12523.9252252
6706;12523.9252252
6708;12523.9252252
6710;12523.9252252
6712;12523.9252252
6714;12523.9252252
6716;12523.9252252
6718;12523.9252252
6720;12523.9252252
6722;12523.9252252
6724;12523.9252252
6726;12523.9252252
6728;12523.9252252
6730;12523.9252252
6732;12523.9252252
6734;12523.9252252
6736;12523.9252252
6738;12523.9252252
6740;12523.9252252
6742;12523.9252252
6744;12523.9252252
6746;12523.9252252
6748;12523.9252252
6750;12523.9252252
6752;12523.9252252
6754;12523.9252252
6756;12523.9252252
6758;12523.9252252
6760;12523.9252252
6762;12523.9252252
6764;12523.9252252
6766;12523.9252252
6768;12523.9252252
6770;12523.9252252
6772;12523.9252252
6774;12523.9252252
6776;12523.9252252
6778;12523.9252252
6780;12523.9252252
6782;12523.9252252
6784;12523.9252252
6786;12523.9252252
6788;12523.9252252
6790;12523.9252252
6792;12523.9252252
6794;12523.9252252
6796;12523.9252252
6798;12523.9252252
6800;12523.9252252
6802;12523.9252252
6804;12523.9252252
6806;12523.9252252
6808;12523.9252252
6810;12523.9252252
6812;12523.9252252
6814;12523.9252252
6816;12523.9252252
6818;12523.9252252
6820;12523.9252252
6822;12523.9252252
6824;12523.9252252
6826;12523.9252252
6828;12523.9252252
6830;12523.9252252
6832;12523.9252252
6834;12523.9252252
6836;12523.9252252
6838;12523.9252252
6840;12523.9252252
6842;12523.9252252
6844;12523.9252252
6846;12523.9252252
6848;12523.9252252
6850;12523.9252252
6852;12523.9252252
6854;12523.9252252
6856;12523.9252252
6858;12523.9252252
6860;12523.9252252
6862;12523.9252252
6864;12523.9252252
6866;12523.9252252
6868;12523.9252252
6870;12523.9252252
6872;12523.9252252
6874;12523.9252252
6876;12523.9252252
6878;12523.9252252
6880;12523.9252252
6882;12523.9252252
6884;12523.9252252
6886;12523.9252252
6888;12523.9252252
6890;12523.9252252
6892;12523.9252252
6894;12523.9252252
6896;12523.9252252
6898;12523.9252252
6900;12523.9252252
6902;12523.9252252
6904;12523.9252252
6906;12523.9252252
6908;12523.9252252
6910;12523.9252252
6912;12523.9252252
6914;12523.9252252
6916;12523.9252252
6918;12523.9252252
6920;12523.9252252
6922;12523.9252252
6924;12523.9252252
6926;12523.9252252
6928;12523.9252252
6930;12523.9252252
6932;12523.9252252
6934;12523.9252252
6936;12523.9252252
6938;12523.9252252
6940;12523.9252252
6942;12523.9252252
6944;12523.9252252
6946;12523.9252252
6948;12523.9252252
6950;12523.9252252
6952;12523.9252252
6954;12523.9252252
6956;12523.9252252
6958;12523.9252252
6960;12523.9252252
6962;12523.9252252
6964;12523.9252252
6966;12523.9252252
6968;12523.9252252
6970;12523.9252252
6972;12523.9252252
6974;12523.9252252
6976;12523.9252252
6978;12523.9252252
6980;12523.9252252
6982;12523.9252252
6984;12523.9252252
6986;12523.9252252
6988;12523.9252252
6990;12523.9252252
6992;12523.9252252
6994;12523.9252252
6996;12523.9252252
6998;12523.9252252
7000;12523.9252252
7002;12523.9252252
7004;12523.9252252
7006;12523.9252252
7008;12523.9252252
7010;12523.9252252
7012;12523.9252252
7014;12523.9252252
7016;12523.9252252
7018;12523.9252252
7020;12523.9252252
7022;12523.9252252
7024;12523.9252252
7026;12523.9252252
7028;12523.9252252
7030;12523.9252252
7032;12523.9252252
7034;12523.9252252
7036;12523.9252252
7038;12523.9252252
7040;12523.9252252
7042;12523.9252252
7044;12523.9252252
7046;12523.9252252
7048;12523.9252252
7050;12523.9252252
7052;12523.9252252
7054;12523.9252252
7056;12523.9252252
7058;12523.9252252
7060;12523.9252252
7062;12523.9252252
7064;12523.9252252
7066;12523.9252252
7068;12523.9252252
7070;12523.9252252
7072;12523.9252252
7074;12523.9252252
7076;12523.9252252
7078;12523.9252252
7080;12523.9252252
7082;12523.9252252
7084;12523.9252252
7086;12523.9252252
7088;12523.9252252
7090;12523.9252252
7092;12523.9252252
7094;12523.9252252
7096;12523.9252252
7098;12523.9252252
7100;12523.9252252
7102;12523.9252252
7104;12523.9252252
7106;12523.9252252
7108;12523.9252252
7110;12523.9252252
7112;12523.9252252
7114;12523.9252252
7116;12523.9252252
7118;12523.9252252
7120;12523.9252252
7122;12523.9252252
7124;12523.9252252
7126;12523.9252252
7128;12523.9252252
7130;12523.9252252
7132;12523.9252252
7134;12523.9252252
7136;12523.9252252
7138;12523.9252252
7140;12523.9252252
7142;12523.9252252
7144;12523.9252252
7146;12523.9252252
7148;12523.9252252
7150;12523.9252252
7152;12523.9252252
7154;12523.9252252
7156;12523.9252252
7158;12523.9252252
7160;12523.9252252
7162;12523.9252252
7164;12523.9252252
7166;12523.9252252
7168;12523.9252252
7170;12523.9252252
7172;12523.9252252
7174;12523.9252252
7176;12523.9252252
7178;12523.9252252
7180;12523.9252252
7182;12523.9252252
7184;12523.9252252
7186;12523.9252252
7188;12523.9252252
7190;12523.9252252
7192;12523.9252252
7194;12523.9252252
7196;12523.9252252
7198;12523.9252252
7200;12523.9252252
7202;12523.9252252
7204;12523.9252252
7206;12523.9252252
7208;12523.9252252
7210;12523.9252252
7212;12523.9252252
7214;12523.9252252
7216;12523.9252252
7218;12523.9252252
7220;12523.9252252
7222;12523.9252252
7224;12523.9252252
7226;12523.9252252
7228;12523.9252252
7230;12523.9252252
7232;12523.9252252
7234;12523.9252252
7236;12523.9252252
7238;12523.9252252
7240;12523.9252252
7242;12523.9252252
7244;12523.9252252
7246;12523.9252252
7248;12523.9252252
7250;12523.9252252
7252;12523.9252252
7254;12523.9252252
7256;12523.9252252
7258;12523.9252252
7260;12523.9252252
7262;12523.9252252
7264;12523.9252252
7266;12523.9252252
7268;12523.9252252
7270;12523.9252252
7272;12523.9252252
7274;12523.9252252
7276;12523.9252252
7278;12523.9252252
7280;12523.9252252
7282;12523.9252252
7284;12523.9252252
7286;12523.9252252
7288;12523.9252252
7290;12523.9252252
7292;12523.9252252
7294;12523.9252252
7296;12523.9252252
7298;12523.9252252
7300;12523.9252252
7302;12523.9252252
7304;12523.9252252
7306;12523.9252252
7308;12523.9252252
7310;12523.9252252
7312;12523.9252252
7314;12523.9252252
7316;12523.9252252
7318;12523.9252252
7320;12523.9252252
7322;12523.9252252
7324;12523.9252252
7326;12523.9252252
7328;12523.9252252
7330;12523.9252252
7332;12523.9252252
7334;12523.9252252
7336;12523.9252252
7338;12523.9252252
7340;12523.9252252
7342;12523.9252252
7344;12523.9252252
7346;12523.9252252
7348;12523.9252252
7350;12523.9252252
7352;12523.9252252
7354;12523.9252252
7356;12523.9252252
7358;12523.9252252
7360;12523.9252252
7362;12523.9252252
7364;12523.9252252
7366;12523.9252252
7368;12523.9252252
7370;12523.9252252
7372;12523.9252252
7374;12523.9252252
7376;12523.9252252
7378;12523.9252252
7380;12523.9252252
7382;12523.9252252
7384;12523.9252252
7386;12523.9252252
7388;12523.9252252
7390;12523.9252252
7392;12523.9252252
7394;12523.9252252
7396;12523.9252252
7398;12523.9252252
7400;12523.9252252
7402;12523.9252252
7404;12523.9252252
7406;12523.9252252
7408;12523.9252252
7410;12523.9252252
7412;12523.9252252
7414;12523.9252252
7416;12523.9252252
7418;12523.9252252
7420;12523.9252252
7422;12523.9252252
7424;12523.9252252
7426;12523.9252252
7428;12523.9252252
7430;12523.9252252
7432;12523.9252252
7434;12523.9252252
7436;12523.9252252
7438;12523.9252252
7440;12523.9252252
7442;12523.9252252
7444;12523.9252252
7446;12523.9252252
7448;12523.9252252
7450;12523.9252252
7452;12523.9252252
7454;12523.9252252
7456;12523.9252252
7458;12523.9252252
7460;12523.9252252
7462;12523.9252252
7464;12523.9252252
7466;12523.9252252
7468;12523.9252252
7470;12523.9252252
7472;12523.9252252
7474;12523.9252252
7476;12523.9252252
7478;12523.9252252
7480;12523.9252252
7482;12523.9252252
7484;12523.9252252
7486;12523.9252252
7488;12523.9252252
7490;12523.9252252
7492;12523.9252252
7494;12523.9252252
7496;12523.9252252
7498;12523.9252252
7500;12523.9252252
7502;12523.9252252
7504;12523.9252252
7506;12523.9252252
7508;12523.9252252
7510;12523.9252252
7512;12523.9252252
7514;12523.9252252
7516;12523.9252252
7518;12523.9252252
7520;12523.9252252
7522;12523.9252252
7524;12523.9252252
7526;12523.9252252
7528;12523.9252252
7530;12523.9252252
7532;12523.9252252
7534;12523.9252252
7536;12523.9252252
7538;12523.9252252
7540;12523.9252252
7542;12523.9252252
7544;12523.9252252
7546;12523.9252252
7548;12523.9252252
7550;12523.9252252
7552;12523.9252252
7554;12523.9252252
7556;12523.9252252
7558;12523.9252252
7560;12523.9252252
7562;12523.9252252
7564;12523.9252252
7566;12523.9252252
7568;12523.9252252
7570;12523.9252252
7572;12523.9252252
7574;12523.9252252
7576;12523.9252252
7578;12523.9252252
7580;12523.9252252
7582;12523.9252252
7584;12523.9252252
7586;12523.9252252
7588;12523.9252252
7590;12523.9252252
7592;12523.9252252
7594;12523.9252252
7596;12523.9252252
7598;12523.9252252
7600;12523.9252252
7602;12523.9252252
7604;12523.9252252
7606;12523.9252252
7608;12523.9252252
7610;12523.9252252
7612;12523.9252252
7614;12523.9252252
7616;12523.9252252
7618;12523.9252252
7620;12523.9252252
7622;12523.9252252
7624;12523.9252252
7626;12523.9252252
7628;12523.9252252
7630;12523.9252252
7632;12523.9252252
7634;12523.9252252
7636;12523.9252252
7638;12523.9252252
7640;12523.9252252
7642;12523.9252252
7644;12523.9252252
7646;12523.9252252
7648;12523.9252252
7650;12523.9252252
7652;12523.9252252
7654;12523.9252252
7656;12523.9252252
7658;12523.9252252
7660;12523.9252252
7662;12523.9252252
7664;12523.9252252
7666;12523.9252252
7668;12523.9252252
7670;12523.9252252
7672;12523.9252252
7674;12523.9252252
7676;12523.9252252
7678;12523.9252252
7680;12523.9252252
7682;12523.9252252
7684;12523.9252252
7686;12523.9252252
7688;12523.9252252
7690;12523.9252252
7692;12523.9252252
7694;12523.9252252
7696;12523.9252252
7698;12523.9252252
7700;12523.9252252
7702;12523.9252252
7704;12523.9252252
7706;12523.9252252
7708;12523.9252252
7710;12523.9252252
7712;12523.9252252
7714;12523.9252252
7716;12523.9252252
7718;12523.9252252
7720;12523.9252252
7722;12523.9252252
7724;12523.9252252
7726;12523.9252252
7728;12523.9252252
7730;12523.9252252
7732;12523.9252252
7734;12523.9252252
7736;12523.9252252
7738;12523.9252252
7740;12523.9252252
7742;12523.9252252
7744;12523.9252252
7746;12523.9252252
7748;12523.9252252
7750;12523.9252252
7752;12523.9252252
7754;12523.9252252
7756;12523.9252252
7758;12523.9252252
7760;12523.9252252
7762;12523.9252252
7764;12523.9252252
7766;12523.9252252
7768;12523.9252252
7770;12523.9252252
7772;12523.9252252
7774;12523.9252252
7776;12523.9252252
7778;12523.9252252
7780;12523.9252252
7782;12523.9252252
7784;12523.9252252
7786;12523.9252252
7788;12523.9252252
7790;12523.9252252
7792;12523.9252252
7794;12523.9252252
7796;12523.9252252
7798;12523.9252252
7800;12523.9252252
7802;12523.9252252
7804;12523.9252252
7806;12523.9252252
7808;12523.9252252
7810;12523.9252252
7812;12523.9252252
7814;12523.9252252
7816;12523.9252252
7818;12523.9252252
7820;12523.9252252
7822;12523.9252252
7824;12523.9252252
7826;12523.9252252
7828;12523.9252252
7830;12523.9252252
7832;12523.9252252
7834;12523.9252252
7836;12523.9252252
7838;12523.9252252
7840;12523.9252252
7842;12523.9252252
7844;12523.9252252
7846;12523.9252252
7848;12523.9252252
7850;12523.9252252
7852;12523.9252252
7854;12523.9252252
7856;12523.9252252
7858;12523.9252252
7860;12523.9252252
7862;12523.9252252
7864;12523.9252252
7866;12523.9252252
7868;12523.9252252
7870;12523.9252252
7872;12523.9252252
7874;12523.9252252
7876;12523.9252252
7878;12523.9252252
7880;12523.9252252
7882;12523.9252252
7884;12523.9252252
7886;12523.9252252
7888;12523.9252252
7890;12523.9252252
7892;12523.9252252
7894;12523.9252252
7896;12523.9252252
7898;12523.9252252
7900;12523.9252252
7902;12523.9252252
7904;12523.9252252
7906;12523.9252252
7908;12523.9252252
7910;12523.9252252
7912;12523.9252252
7914;12523.9252252
7916;12523.9252252
7918;12523.9252252
7920;12523.9252252
7922;12523.9252252
7924;12523.9252252
7926;12523.9252252
7928;12523.9252252
7930;12523.9252252
7932;12523.9252252
7934;12523.9252252
7936;12523.9252252
7938;12523.9252252
7940;12523.9252252
7942;12523.9252252
7944;12523.9252252
7946;12523.9252252
7948;12523.9252252
7950;12523.9252252
7952;12523.9252252
7954;12523.9252252
7956;12523.9252252
7958;12523.9252252
7960;12523.9252252
7962;12523.9252252
7964;12523.9252252
7966;12523.9252252
7968;12523.9252252
7970;12523.9252252
7972;12523.9252252
7974;12523.9252252
7976;12523.9252252
7978;12523.9252252
7980;12523.9252252
7982;12523.9252252
7984;12523.9252252
7986;12523.9252252
7988;12523.9252252
7990;12523.9252252
7992;12523.9252252
7994;12523.9252252
7996;12523.9252252
7998;12523.9252252
