0;23511.7402119
2;21612.3740374
4;21612.3740374
6;21612.3740374
8;21612.3740374
10;21612.3740374
12;21612.3740374
14;21612.3740374
16;21612.3740374
18;21612.3740374
20;21612.3740374
22;21612.3740374
24;20830.7942656
26;20830.7942656
28;20830.7942656
30;20830.7942656
32;20830.7942656
34;20830.7942656
36;20779.2487837
38;20779.2487837
40;20779.2487837
42;20674.2754822
44;20674.2754822
46;20674.2754822
48;20195.0474038
50;20195.0474038
52;20195.0474038
54;19670.6743563
56;19670.6743563
58;19670.6743563
60;19670.6743563
62;19670.6743563
64;19670.6743563
66;19375.1926075
68;19375.1926075
70;19375.1926075
72;19375.1926075
74;19375.1926075
76;19375.1926075
78;19375.1926075
80;19375.1926075
82;19341.9925512
84;19341.9925512
86;19341.9925512
88;19341.9925512
90;19341.9925512
92;19341.9925512
94;19341.9925512
96;19341.9925512
98;19341.9925512
100;19341.9925512
102;19341.9925512
104;19217.630024
106;19217.630024
108;19217.630024
110;19217.630024
112;19217.630024
114;19217.630024
116;19217.630024
118;19217.630024
120;19217.630024
122;19173.4821906
124;18691.6477729
126;18326.5401826
128;18326.5401826
130;18326.5401826
132;18326.5401826
134;18326.5401826
136;18326.5401826
138;17792.6725372
140;17778.2170358
142;17778.2170358
144;17778.2170358
146;17778.2170358
148;17778.2170358
150;17778.2170358
152;17778.2170358
154;17778.2170358
156;17778.2170358
158;17778.2170358
160;17778.2170358
162;17778.2170358
164;17778.2170358
166;17551.117408
168;17551.117408
170;17551.117408
172;17551.117408
174;17551.117408
176;17551.117408
178;17551.117408
180;17551.117408
182;17229.2285862
184;17229.2285862
186;17015.2278967
188;17015.2278967
190;17015.2278967
192;17015.2278967
194;17015.2278967
196;17015.2278967
198;17015.2278967
200;17015.2278967
202;17015.2278967
204;16926.5776642
206;16824.0141781
208;16824.0141781
210;16357.8573762
212;16357.8573762
214;16357.8573762
216;16357.8573762
218;16357.8573762
220;16357.8573762
222;16357.8573762
224;16357.8573762
226;16357.8573762
228;16357.8573762
230;16314.9728965
232;16314.9728965
234;16314.9728965
236;16314.9728965
238;16110.2297613
240;16072.8422166
242;16072.8422166
244;16072.8422166
246;16059.072682
248;16059.072682
250;16048.8202662
252;16048.8202662
254;16020.0017335
256;16020.0017335
258;16020.0017335
260;15978.6693355
262;15978.6693355
264;15978.6693355
266;15978.6693355
268;15978.6693355
270;15978.6693355
272;15978.6693355
274;15978.6693355
276;15978.6693355
278;15978.6693355
280;15978.6693355
282;15978.6693355
284;15879.0349477
286;15879.0349477
288;15879.0349477
290;15865.265413
292;15865.265413
294;15865.265413
296;15865.265413
298;15865.265413
300;15865.265413
302;15857.7425822
304;15782.4320187
306;15750.5229773
308;15750.5229773
310;15702.6414849
312;15702.6414849
314;15628.092894
316;15628.092894
318;15628.092894
320;15628.092894
322;15628.092894
324;15628.092894
326;15628.092894
328;15468.6100592
330;15419.5924143
332;15419.5924143
334;15419.5924143
336;15419.5924143
338;15419.5924143
340;15419.5924143
342;15419.5924143
344;15338.3775822
346;15338.3775822
348;15338.3775822
350;15292.1279478
352;15292.1279478
354;15289.3453049
356;15236.0334127
358;15225.7339837
360;15199.5514079
362;14887.7802026
364;14887.7802026
366;14887.7802026
368;14887.7802026
370;14887.7802026
372;14887.7802026
374;14885.6905507
376;14884.0548578
378;14884.0548578
380;14883.7017158
382;14839.4746002
384;14760.1636851
386;14760.1636851
388;14760.1636851
390;14756.0851983
392;14756.0851983
394;14756.0851983
396;14756.0851983
398;14756.0851983
400;14706.750976
402;14706.750976
404;14706.750976
406;14706.750976
408;14706.750976
410;14704.762141
412;14642.393822
414;14642.393822
416;14642.393822
418;14642.393822
420;14642.393822
422;14642.393822
424;14598.1667064
426;14598.1667064
428;14598.1667064
430;14598.1667064
432;14598.1667064
434;14598.1667064
436;14598.1667064
438;14546.8436491
440;14546.8436491
442;14546.8436491
444;14546.8436491
446;14546.8436491
448;14546.8436491
450;14546.8436491
452;14546.8436491
454;14546.8436491
456;14546.8436491
458;14546.8436491
460;14546.8436491
462;14546.8436491
464;14546.8436491
466;14546.8436491
468;14546.8436491
470;14525.8574053
472;14525.8574053
474;14525.8574053
476;14525.8574053
478;14525.8574053
480;14525.8574053
482;14525.8574053
484;14525.8574053
486;14525.8574053
488;14525.8574053
490;14525.8574053
492;14525.8574053
494;14525.8574053
496;14525.8574053
498;14525.8574053
500;14525.8574053
502;14525.8574053
504;14525.8574053
506;14525.8574053
508;14525.8574053
510;14525.8574053
512;14525.8574053
514;14525.8574053
516;14525.8574053
518;14525.8574053
520;14451.6068292
522;14451.6068292
524;14451.6068292
526;14451.6068292
528;14451.6068292
530;14451.6068292
532;14451.6068292
534;14451.6068292
536;14451.6068292
538;14451.6068292
540;14451.6068292
542;14451.6068292
544;14451.6068292
546;14451.6068292
548;14451.6068292
550;14451.6068292
552;14451.6068292
554;14451.6068292
556;14451.6068292
558;14451.6068292
560;14451.6068292
562;14451.6068292
564;14451.6068292
566;14451.6068292
568;14451.6068292
570;14451.6068292
572;14451.6068292
574;14451.6068292
576;14451.6068292
578;14451.6068292
580;14451.6068292
582;14451.6068292
584;14451.6068292
586;14451.6068292
588;14451.6068292
590;14451.6068292
592;14451.6068292
594;14451.6068292
596;14451.6068292
598;14451.6068292
600;14451.6068292
602;14451.6068292
604;14451.6068292
606;14451.6068292
608;14451.6068292
610;14451.6068292
612;14451.6068292
614;14451.6068292
616;14451.6068292
618;14451.6068292
620;14451.6068292
622;14451.6068292
624;14451.6068292
626;14451.6068292
628;14451.6068292
630;14451.6068292
632;14451.6068292
634;14451.6068292
636;14451.6068292
638;14451.6068292
640;14451.6068292
642;14451.6068292
644;14451.6068292
646;14451.6068292
648;14451.6068292
650;14451.6068292
652;14451.6068292
654;14451.6068292
656;14451.6068292
658;14451.6068292
660;14451.6068292
662;14451.6068292
664;14451.6068292
666;14451.6068292
668;14451.6068292
670;14451.6068292
672;14451.6068292
674;14451.6068292
676;14451.6068292
678;14451.6068292
680;14451.6068292
682;14451.6068292
684;14451.6068292
686;14451.6068292
688;14451.6068292
690;14451.6068292
692;14451.6068292
694;14451.6068292
696;14451.6068292
698;14451.6068292
700;14451.6068292
702;14451.6068292
704;14451.6068292
706;14451.6068292
708;14451.6068292
710;14451.6068292
712;14451.6068292
714;14451.6068292
716;14451.6068292
718;14451.6068292
720;14451.6068292
722;14451.6068292
724;14451.6068292
726;14451.6068292
728;14451.6068292
730;14451.6068292
732;14451.6068292
734;14451.6068292
736;14451.6068292
738;14451.6068292
740;14451.6068292
742;14451.6068292
744;14451.6068292
746;14451.6068292
748;14451.6068292
750;14451.6068292
752;14451.6068292
754;14451.6068292
756;14451.6068292
758;14451.6068292
760;14451.6068292
762;14451.6068292
764;14451.6068292
766;14451.6068292
768;14451.6068292
770;14451.6068292
772;14451.6068292
774;14451.6068292
776;14451.6068292
778;14451.6068292
780;14451.6068292
782;14451.6068292
784;14451.6068292
786;14451.6068292
788;14451.6068292
790;14451.6068292
792;14451.6068292
794;14451.6068292
796;14451.6068292
798;14451.6068292
800;14451.6068292
802;14451.6068292
804;14451.6068292
806;14451.6068292
808;14451.6068292
810;14451.6068292
812;14451.6068292
814;14451.6068292
816;14451.6068292
818;14451.6068292
820;14451.6068292
822;14451.6068292
824;14451.6068292
826;14451.6068292
828;14451.6068292
830;14451.6068292
832;14451.6068292
834;14451.6068292
836;14451.6068292
838;14451.6068292
840;14451.6068292
842;14451.6068292
844;14451.6068292
846;14451.6068292
848;14451.6068292
850;14451.6068292
852;14451.6068292
854;14451.6068292
856;14451.6068292
858;14451.6068292
860;14451.6068292
862;14451.6068292
864;14451.6068292
866;14451.6068292
868;14451.6068292
870;14451.6068292
872;14451.6068292
874;14451.6068292
876;14451.6068292
878;14451.6068292
880;14451.6068292
882;14451.6068292
884;14451.6068292
886;14451.6068292
888;14451.6068292
890;14451.6068292
892;14451.6068292
894;14451.6068292
896;14451.6068292
898;14451.6068292
900;14451.6068292
902;14451.6068292
904;14451.6068292
906;14451.6068292
908;14451.6068292
910;14451.6068292
912;14451.6068292
914;14451.6068292
916;14451.6068292
918;14451.6068292
920;14451.6068292
922;14451.6068292
924;14451.6068292
926;14451.6068292
928;14451.6068292
930;14451.6068292
932;14451.6068292
934;14451.6068292
936;14451.6068292
938;14451.6068292
940;14451.6068292
942;14451.6068292
944;14451.6068292
946;14451.6068292
948;14451.6068292
950;14451.6068292
952;14451.6068292
954;14451.6068292
956;14451.6068292
958;14451.6068292
960;14451.6068292
962;14451.6068292
964;14451.6068292
966;14451.6068292
968;14451.6068292
970;14451.6068292
972;14451.6068292
974;14451.6068292
976;14451.6068292
978;14451.6068292
980;14451.6068292
982;14451.6068292
984;14451.6068292
986;14451.6068292
988;14451.6068292
990;14451.6068292
992;14451.6068292
994;14451.6068292
996;14451.6068292
998;14451.6068292
1000;14451.6068292
1002;14451.6068292
1004;14451.6068292
1006;14451.6068292
1008;14451.6068292
1010;14451.6068292
1012;14451.6068292
1014;14451.6068292
1016;14451.6068292
1018;14451.6068292
1020;14451.6068292
1022;14451.6068292
1024;14451.6068292
1026;14451.6068292
1028;14451.6068292
1030;14451.6068292
1032;14451.6068292
1034;14451.6068292
1036;14451.6068292
1038;14451.6068292
1040;14451.6068292
1042;14451.6068292
1044;14451.6068292
1046;14451.6068292
1048;14451.6068292
1050;14451.6068292
1052;14451.6068292
1054;14451.6068292
1056;14451.6068292
1058;14451.6068292
1060;14451.6068292
1062;14451.6068292
1064;14451.6068292
1066;14451.6068292
1068;14451.6068292
1070;14451.6068292
1072;14451.6068292
1074;14451.6068292
1076;14451.6068292
1078;14451.6068292
1080;14451.6068292
1082;14451.6068292
1084;14451.6068292
1086;14451.6068292
1088;14451.6068292
1090;14451.6068292
1092;14451.6068292
1094;14451.6068292
1096;14451.6068292
1098;14451.6068292
1100;14451.6068292
1102;14451.6068292
1104;14451.6068292
1106;14451.6068292
1108;14451.6068292
1110;14451.6068292
1112;14451.6068292
1114;14451.6068292
1116;14451.6068292
1118;14451.6068292
1120;14451.6068292
1122;14451.6068292
1124;14451.6068292
1126;14451.6068292
1128;14451.6068292
1130;14451.6068292
1132;14451.6068292
1134;14451.6068292
1136;14451.6068292
1138;14451.6068292
1140;14451.6068292
1142;14451.6068292
1144;14451.6068292
1146;14451.6068292
1148;14451.6068292
1150;14451.6068292
1152;14451.6068292
1154;14451.6068292
1156;14451.6068292
1158;14451.6068292
1160;14451.6068292
1162;14451.6068292
1164;14451.6068292
1166;14451.6068292
1168;14451.6068292
1170;14451.6068292
1172;14451.6068292
1174;14451.6068292
1176;14451.6068292
1178;14451.6068292
1180;14451.6068292
1182;14451.6068292
1184;14451.6068292
1186;14451.6068292
1188;14451.6068292
1190;14451.6068292
1192;14451.6068292
1194;14451.6068292
1196;14451.6068292
1198;14451.6068292
1200;14451.6068292
1202;14451.6068292
1204;14451.6068292
1206;14451.6068292
1208;14451.6068292
1210;14451.6068292
1212;14451.6068292
1214;14451.6068292
1216;14451.6068292
1218;14451.6068292
1220;14451.6068292
1222;14451.6068292
1224;14451.6068292
1226;14451.6068292
1228;14451.6068292
1230;14451.6068292
1232;14451.6068292
1234;14451.6068292
1236;14451.6068292
1238;14451.6068292
1240;14451.6068292
1242;14451.6068292
1244;14451.6068292
1246;14451.6068292
1248;14451.6068292
1250;14451.6068292
1252;14451.6068292
1254;14451.6068292
1256;14451.6068292
1258;14451.6068292
1260;14451.6068292
1262;14451.6068292
1264;14451.6068292
1266;14451.6068292
1268;14451.6068292
1270;14451.6068292
1272;14451.6068292
1274;14451.6068292
1276;14451.6068292
1278;14451.6068292
1280;14451.6068292
1282;14451.6068292
1284;14451.6068292
1286;14451.6068292
1288;14451.6068292
1290;14451.6068292
1292;14451.6068292
1294;14451.6068292
1296;14451.6068292
1298;14451.6068292
1300;14451.6068292
1302;14451.6068292
1304;14451.6068292
1306;14451.6068292
1308;14451.6068292
1310;14451.6068292
1312;14451.6068292
1314;14451.6068292
1316;14451.6068292
1318;14451.6068292
1320;14451.6068292
1322;14451.6068292
1324;14451.6068292
1326;14451.6068292
1328;14451.6068292
1330;14451.6068292
1332;14451.6068292
1334;14451.6068292
1336;14451.6068292
1338;14451.6068292
1340;14451.6068292
1342;14451.6068292
1344;14451.6068292
1346;14451.6068292
1348;14451.6068292
1350;14451.6068292
1352;14451.6068292
1354;14451.6068292
1356;14451.6068292
1358;14451.6068292
1360;14451.6068292
1362;14451.6068292
1364;14451.6068292
1366;14451.6068292
1368;14451.6068292
1370;14451.6068292
1372;14451.6068292
1374;14451.6068292
1376;14451.6068292
1378;14451.6068292
1380;14451.6068292
1382;14451.6068292
1384;14451.6068292
1386;14451.6068292
1388;14451.6068292
1390;14451.6068292
1392;14451.6068292
1394;14451.6068292
1396;14451.6068292
1398;14451.6068292
1400;14451.6068292
1402;14451.6068292
1404;14451.6068292
1406;14451.6068292
1408;14451.6068292
1410;14451.6068292
1412;14451.6068292
1414;14451.6068292
1416;14451.6068292
1418;14451.6068292
1420;14451.6068292
1422;14451.6068292
1424;14451.6068292
1426;14451.6068292
1428;14451.6068292
1430;14451.6068292
1432;14451.6068292
1434;14451.6068292
1436;14451.6068292
1438;14451.6068292
1440;14451.6068292
1442;14451.6068292
1444;14451.6068292
1446;14451.6068292
1448;14451.6068292
1450;14451.6068292
1452;14451.6068292
1454;14451.6068292
1456;14451.6068292
1458;14451.6068292
1460;14451.6068292
1462;14451.6068292
1464;14451.6068292
1466;14451.6068292
1468;14451.6068292
1470;14451.6068292
1472;14451.6068292
1474;14451.6068292
1476;14451.6068292
1478;14451.6068292
1480;14451.6068292
1482;14451.6068292
1484;14451.6068292
1486;14451.6068292
1488;14451.6068292
1490;14451.6068292
1492;14451.6068292
1494;14451.6068292
1496;14451.6068292
1498;14451.6068292
1500;14451.6068292
1502;14451.6068292
1504;14451.6068292
1506;14451.6068292
1508;14451.6068292
1510;14451.6068292
1512;14451.6068292
1514;14451.6068292
1516;14451.6068292
1518;14451.6068292
1520;14451.6068292
1522;14451.6068292
1524;14451.6068292
1526;14451.6068292
1528;14451.6068292
1530;14451.6068292
1532;14451.6068292
1534;14451.6068292
1536;14451.6068292
1538;14451.6068292
1540;14451.6068292
1542;14451.6068292
1544;14451.6068292
1546;14451.6068292
1548;14451.6068292
1550;14451.6068292
1552;14451.6068292
1554;14451.6068292
1556;14451.6068292
1558;14451.6068292
1560;14451.6068292
1562;14451.6068292
1564;14451.6068292
1566;14451.6068292
1568;14451.6068292
1570;14451.6068292
1572;14451.6068292
1574;14451.6068292
1576;14451.6068292
1578;14451.6068292
1580;14451.6068292
1582;14451.6068292
1584;14451.6068292
1586;14451.6068292
1588;14451.6068292
1590;14451.6068292
1592;14451.6068292
1594;14451.6068292
1596;14451.6068292
1598;14451.6068292
1600;14451.6068292
1602;14451.6068292
1604;14451.6068292
1606;14451.6068292
1608;14451.6068292
1610;14451.6068292
1612;14451.6068292
1614;14451.6068292
1616;14451.6068292
1618;14451.6068292
1620;14451.6068292
1622;14451.6068292
1624;14451.6068292
1626;14451.6068292
1628;14451.6068292
1630;14451.6068292
1632;14451.6068292
1634;14451.6068292
1636;14451.6068292
1638;14451.6068292
1640;14451.6068292
1642;14451.6068292
1644;14451.6068292
1646;14451.6068292
1648;14451.6068292
1650;14451.6068292
1652;14451.6068292
1654;14451.6068292
1656;14451.6068292
1658;14451.6068292
1660;14451.6068292
1662;14451.6068292
1664;14451.6068292
1666;14451.6068292
1668;14451.6068292
1670;14451.6068292
1672;14451.6068292
1674;14451.6068292
1676;14451.6068292
1678;14451.6068292
1680;14451.6068292
1682;14451.6068292
1684;14451.6068292
1686;14451.6068292
1688;14451.6068292
1690;14451.6068292
1692;14451.6068292
1694;14451.6068292
1696;14451.6068292
1698;14451.6068292
1700;14451.6068292
1702;14451.6068292
1704;14451.6068292
1706;14451.6068292
1708;14451.6068292
1710;14451.6068292
1712;14451.6068292
1714;14451.6068292
1716;14451.6068292
1718;14451.6068292
1720;14451.6068292
1722;14451.6068292
1724;14451.6068292
1726;14451.6068292
1728;14451.6068292
1730;14451.6068292
1732;14451.6068292
1734;14451.6068292
1736;14451.6068292
1738;14451.6068292
1740;14451.6068292
1742;14451.6068292
1744;14451.6068292
1746;14451.6068292
1748;14451.6068292
1750;14451.6068292
1752;14451.6068292
1754;14451.6068292
1756;14451.6068292
1758;14451.6068292
1760;14451.6068292
1762;14451.6068292
1764;14451.6068292
1766;14451.6068292
1768;14451.6068292
1770;14451.6068292
1772;14451.6068292
1774;14451.6068292
1776;14451.6068292
1778;14451.6068292
1780;14451.6068292
1782;14451.6068292
1784;14451.6068292
1786;14451.6068292
1788;14451.6068292
1790;14451.6068292
1792;14451.6068292
1794;14451.6068292
1796;14451.6068292
1798;14451.6068292
1800;14451.6068292
1802;14451.6068292
1804;14451.6068292
1806;14451.6068292
1808;14451.6068292
1810;14451.6068292
1812;14451.6068292
1814;14451.6068292
1816;14451.6068292
1818;14451.6068292
1820;14451.6068292
1822;14451.6068292
1824;14451.6068292
1826;14451.6068292
1828;14451.6068292
1830;14451.6068292
1832;14451.6068292
1834;14451.6068292
1836;14451.6068292
1838;14451.6068292
1840;14451.6068292
1842;14451.6068292
1844;14451.6068292
1846;14451.6068292
1848;14451.6068292
1850;14451.6068292
1852;14451.6068292
1854;14451.6068292
1856;14451.6068292
1858;14451.6068292
1860;14451.6068292
1862;14451.6068292
1864;14451.6068292
1866;14451.6068292
1868;14451.6068292
1870;14451.6068292
1872;14451.6068292
1874;14451.6068292
1876;14451.6068292
1878;14451.6068292
1880;14451.6068292
1882;14451.6068292
1884;14451.6068292
1886;14451.6068292
1888;14451.6068292
1890;14451.6068292
1892;14451.6068292
1894;14451.6068292
1896;14451.6068292
1898;14451.6068292
1900;14451.6068292
1902;14451.6068292
1904;14451.6068292
1906;14451.6068292
1908;14451.6068292
1910;14451.6068292
1912;14451.6068292
1914;14451.6068292
1916;14451.6068292
1918;14451.6068292
1920;14451.6068292
1922;14451.6068292
1924;14451.6068292
1926;14451.6068292
1928;14451.6068292
1930;14451.6068292
1932;14451.6068292
1934;14451.6068292
1936;14451.6068292
1938;14451.6068292
1940;14451.6068292
1942;14451.6068292
1944;14451.6068292
1946;14451.6068292
1948;14451.6068292
1950;14451.6068292
1952;14451.6068292
1954;14451.6068292
1956;14451.6068292
1958;14451.6068292
1960;14451.6068292
1962;14451.6068292
1964;14451.6068292
1966;14451.6068292
1968;14451.6068292
1970;14451.6068292
1972;14451.6068292
1974;14451.6068292
1976;14451.6068292
1978;14451.6068292
1980;14451.6068292
1982;14451.6068292
1984;14451.6068292
1986;14451.6068292
1988;14451.6068292
1990;14451.6068292
1992;14451.6068292
1994;14451.6068292
1996;14451.6068292
1998;14451.6068292
2000;14451.6068292
2002;14451.6068292
2004;14451.6068292
2006;14451.6068292
2008;14451.6068292
2010;14451.6068292
2012;14451.6068292
2014;14451.6068292
2016;14451.6068292
2018;14451.6068292
2020;14451.6068292
2022;14451.6068292
2024;14451.6068292
2026;14451.6068292
2028;14451.6068292
2030;14451.6068292
2032;14451.6068292
2034;14451.6068292
2036;14451.6068292
2038;14451.6068292
2040;14451.6068292
2042;14451.6068292
2044;14451.6068292
2046;14451.6068292
2048;14451.6068292
2050;14451.6068292
2052;14451.6068292
2054;14451.6068292
2056;14451.6068292
2058;14451.6068292
2060;14451.6068292
2062;14451.6068292
2064;14451.6068292
2066;14451.6068292
2068;14451.6068292
2070;14451.6068292
2072;14451.6068292
2074;14451.6068292
2076;14451.6068292
2078;14451.6068292
2080;14451.6068292
2082;14451.6068292
2084;14451.6068292
2086;14451.6068292
2088;14451.6068292
2090;14451.6068292
2092;14451.6068292
2094;14451.6068292
2096;14451.6068292
2098;14451.6068292
2100;14451.6068292
2102;14451.6068292
2104;14451.6068292
2106;14451.6068292
2108;14451.6068292
2110;14451.6068292
2112;14451.6068292
2114;14451.6068292
2116;14451.6068292
2118;14451.6068292
2120;14451.6068292
2122;14451.6068292
2124;14451.6068292
2126;14451.6068292
2128;14451.6068292
2130;14451.6068292
2132;14451.6068292
2134;14451.6068292
2136;14451.6068292
2138;14451.6068292
2140;14451.6068292
2142;14451.6068292
2144;14451.6068292
2146;14451.6068292
2148;14451.6068292
2150;14451.6068292
2152;14451.6068292
2154;14451.6068292
2156;14451.6068292
2158;14451.6068292
2160;14451.6068292
2162;14451.6068292
2164;14451.6068292
2166;14451.6068292
2168;14451.6068292
2170;14451.6068292
2172;14451.6068292
2174;14451.6068292
2176;14451.6068292
2178;14451.6068292
2180;14451.6068292
2182;14451.6068292
2184;14451.6068292
2186;14451.6068292
2188;14451.6068292
2190;14451.6068292
2192;14451.6068292
2194;14451.6068292
2196;14451.6068292
2198;14451.6068292
2200;14451.6068292
2202;14451.6068292
2204;14451.6068292
2206;14451.6068292
2208;14451.6068292
2210;14451.6068292
2212;14451.6068292
2214;14451.6068292
2216;14451.6068292
2218;14451.6068292
2220;14451.6068292
2222;14451.6068292
2224;14451.6068292
2226;14451.6068292
2228;14451.6068292
2230;14451.6068292
2232;14451.6068292
2234;14451.6068292
2236;14451.6068292
2238;14451.6068292
2240;14451.6068292
2242;14451.6068292
2244;14451.6068292
2246;14451.6068292
2248;14451.6068292
2250;14451.6068292
2252;14451.6068292
2254;14451.6068292
2256;14451.6068292
2258;14451.6068292
2260;14451.6068292
2262;14451.6068292
2264;14451.6068292
2266;14451.6068292
2268;14451.6068292
2270;14451.6068292
2272;14451.6068292
2274;14451.6068292
2276;14451.6068292
2278;14451.6068292
2280;14451.6068292
2282;14451.6068292
2284;14451.6068292
2286;14451.6068292
2288;14451.6068292
2290;14451.6068292
2292;14451.6068292
2294;14451.6068292
2296;14451.6068292
2298;14451.6068292
2300;14451.6068292
2302;14451.6068292
2304;14451.6068292
2306;14451.6068292
2308;14451.6068292
2310;14451.6068292
2312;14451.6068292
2314;14451.6068292
2316;14451.6068292
2318;14451.6068292
2320;14451.6068292
2322;14451.6068292
2324;14451.6068292
2326;14451.6068292
2328;14451.6068292
2330;14451.6068292
2332;14451.6068292
2334;14451.6068292
2336;14451.6068292
2338;14451.6068292
2340;14451.6068292
2342;14451.6068292
2344;14451.6068292
2346;14451.6068292
2348;14451.6068292
2350;14451.6068292
2352;14451.6068292
2354;14451.6068292
2356;14451.6068292
2358;14451.6068292
2360;14451.6068292
2362;14451.6068292
2364;14451.6068292
2366;14451.6068292
2368;14451.6068292
2370;14451.6068292
2372;14451.6068292
2374;14451.6068292
2376;14451.6068292
2378;14451.6068292
2380;14451.6068292
2382;14451.6068292
2384;14451.6068292
2386;14451.6068292
2388;14451.6068292
2390;14451.6068292
2392;14451.6068292
2394;14451.6068292
2396;14451.6068292
2398;14451.6068292
2400;14451.6068292
2402;14451.6068292
2404;14451.6068292
2406;14451.6068292
2408;14451.6068292
2410;14451.6068292
2412;14451.6068292
2414;14451.6068292
2416;14451.6068292
2418;14451.6068292
2420;14451.6068292
2422;14451.6068292
2424;14451.6068292
2426;14451.6068292
2428;14451.6068292
2430;14451.6068292
2432;14451.6068292
2434;14451.6068292
2436;14451.6068292
2438;14451.6068292
2440;14451.6068292
2442;14451.6068292
2444;14451.6068292
2446;14451.6068292
2448;14451.6068292
2450;14451.6068292
2452;14451.6068292
2454;14451.6068292
2456;14451.6068292
2458;14451.6068292
2460;14451.6068292
2462;14451.6068292
2464;14451.6068292
2466;14451.6068292
2468;14451.6068292
2470;14451.6068292
2472;14451.6068292
2474;14451.6068292
2476;14451.6068292
2478;14451.6068292
2480;14451.6068292
2482;14451.6068292
2484;14451.6068292
2486;14451.6068292
2488;14451.6068292
2490;14451.6068292
2492;14451.6068292
2494;14451.6068292
2496;14451.6068292
2498;14451.6068292
2500;14451.6068292
2502;14451.6068292
2504;14451.6068292
2506;14451.6068292
2508;14451.6068292
2510;14451.6068292
2512;14451.6068292
2514;14451.6068292
2516;14451.6068292
2518;14451.6068292
2520;14451.6068292
2522;14451.6068292
2524;14451.6068292
2526;14451.6068292
2528;14451.6068292
2530;14451.6068292
2532;14451.6068292
2534;14451.6068292
2536;14451.6068292
2538;14451.6068292
2540;14451.6068292
2542;14451.6068292
2544;14451.6068292
2546;14451.6068292
2548;14451.6068292
2550;14451.6068292
2552;14451.6068292
2554;14451.6068292
2556;14451.6068292
2558;14451.6068292
2560;14451.6068292
2562;14451.6068292
2564;14451.6068292
2566;14451.6068292
2568;14451.6068292
2570;14451.6068292
2572;14451.6068292
2574;14451.6068292
2576;14451.6068292
2578;14451.6068292
2580;14451.6068292
2582;14451.6068292
2584;14451.6068292
2586;14451.6068292
2588;14451.6068292
2590;14451.6068292
2592;14451.6068292
2594;14451.6068292
2596;14451.6068292
2598;14451.6068292
2600;14451.6068292
2602;14451.6068292
2604;14451.6068292
2606;14451.6068292
2608;14451.6068292
2610;14451.6068292
2612;14451.6068292
2614;14451.6068292
2616;14451.6068292
2618;14451.6068292
2620;14451.6068292
2622;14451.6068292
2624;14451.6068292
2626;14451.6068292
2628;14451.6068292
2630;14451.6068292
2632;14451.6068292
2634;14451.6068292
2636;14451.6068292
2638;14451.6068292
2640;14451.6068292
2642;14451.6068292
2644;14451.6068292
2646;14451.6068292
2648;14451.6068292
2650;14451.6068292
2652;14451.6068292
2654;14451.6068292
2656;14451.6068292
2658;14451.6068292
2660;14451.6068292
2662;14451.6068292
2664;14451.6068292
2666;14451.6068292
2668;14451.6068292
2670;14451.6068292
2672;14451.6068292
2674;14451.6068292
2676;14451.6068292
2678;14451.6068292
2680;14451.6068292
2682;14451.6068292
2684;14451.6068292
2686;14451.6068292
2688;14451.6068292
2690;14451.6068292
2692;14451.6068292
2694;14451.6068292
2696;14451.6068292
2698;14451.6068292
2700;14451.6068292
2702;14451.6068292
2704;14451.6068292
2706;14451.6068292
2708;14451.6068292
2710;14451.6068292
2712;14451.6068292
2714;14451.6068292
2716;14451.6068292
2718;14451.6068292
2720;14451.6068292
2722;14451.6068292
2724;14451.6068292
2726;14451.6068292
2728;14451.6068292
2730;14451.6068292
2732;14451.6068292
2734;14451.6068292
2736;14451.6068292
2738;14451.6068292
2740;14451.6068292
2742;14451.6068292
2744;14451.6068292
2746;14451.6068292
2748;14451.6068292
2750;14451.6068292
2752;14451.6068292
2754;14451.6068292
2756;14451.6068292
2758;14451.6068292
2760;14451.6068292
2762;14451.6068292
2764;14451.6068292
2766;14451.6068292
2768;14451.6068292
2770;14451.6068292
2772;14451.6068292
2774;14451.6068292
2776;14451.6068292
2778;14451.6068292
2780;14451.6068292
2782;14451.6068292
2784;14451.6068292
2786;14451.6068292
2788;14451.6068292
2790;14451.6068292
2792;14451.6068292
2794;14451.6068292
2796;14451.6068292
2798;14451.6068292
2800;14451.6068292
2802;14451.6068292
2804;14451.6068292
2806;14451.6068292
2808;14451.6068292
2810;14451.6068292
2812;14451.6068292
2814;14451.6068292
2816;14451.6068292
2818;14451.6068292
2820;14451.6068292
2822;14451.6068292
2824;14451.6068292
2826;14451.6068292
2828;14451.6068292
2830;14451.6068292
2832;14451.6068292
2834;14451.6068292
2836;14451.6068292
2838;14451.6068292
2840;14451.6068292
2842;14451.6068292
2844;14451.6068292
2846;14451.6068292
2848;14451.6068292
2850;14451.6068292
2852;14451.6068292
2854;14451.6068292
2856;14451.6068292
2858;14451.6068292
2860;14451.6068292
2862;14451.6068292
2864;14451.6068292
2866;14451.6068292
2868;14451.6068292
2870;14451.6068292
2872;14451.6068292
2874;14451.6068292
2876;14451.6068292
2878;14451.6068292
2880;14451.6068292
2882;14451.6068292
2884;14451.6068292
2886;14451.6068292
2888;14451.6068292
2890;14451.6068292
2892;14451.6068292
2894;14451.6068292
2896;14451.6068292
2898;14451.6068292
2900;14451.6068292
2902;14451.6068292
2904;14451.6068292
2906;14451.6068292
2908;14451.6068292
2910;14451.6068292
2912;14451.6068292
2914;14451.6068292
2916;14451.6068292
2918;14451.6068292
2920;14451.6068292
2922;14451.6068292
2924;14451.6068292
2926;14451.6068292
2928;14451.6068292
2930;14451.6068292
2932;14451.6068292
2934;14451.6068292
2936;14451.6068292
2938;14451.6068292
2940;14451.6068292
2942;14451.6068292
2944;14451.6068292
2946;14451.6068292
2948;14451.6068292
2950;14451.6068292
2952;14451.6068292
2954;14451.6068292
2956;14451.6068292
2958;14451.6068292
2960;14451.6068292
2962;14451.6068292
2964;14451.6068292
2966;14451.6068292
2968;14451.6068292
2970;14451.6068292
2972;14451.6068292
2974;14451.6068292
2976;14451.6068292
2978;14451.6068292
2980;14451.6068292
2982;14451.6068292
2984;14451.6068292
2986;14451.6068292
2988;14451.6068292
2990;14451.6068292
2992;14451.6068292
2994;14451.6068292
2996;14451.6068292
2998;14451.6068292
3000;14451.6068292
3002;14451.6068292
3004;14451.6068292
3006;14451.6068292
3008;14451.6068292
3010;14451.6068292
3012;14451.6068292
3014;14451.6068292
3016;14451.6068292
3018;14451.6068292
3020;14451.6068292
3022;14451.6068292
3024;14451.6068292
3026;14451.6068292
3028;14451.6068292
3030;14451.6068292
3032;14451.6068292
3034;14451.6068292
3036;14451.6068292
3038;14451.6068292
3040;14451.6068292
3042;14451.6068292
3044;14451.6068292
3046;14451.6068292
3048;14451.6068292
3050;14451.6068292
3052;14451.6068292
3054;14451.6068292
3056;14451.6068292
3058;14451.6068292
3060;14451.6068292
3062;14451.6068292
3064;14451.6068292
3066;14451.6068292
3068;14451.6068292
3070;14451.6068292
3072;14451.6068292
3074;14451.6068292
3076;14451.6068292
3078;14451.6068292
3080;14451.6068292
3082;14451.6068292
3084;14451.6068292
3086;14451.6068292
3088;14451.6068292
3090;14451.6068292
3092;14451.6068292
3094;14451.6068292
3096;14451.6068292
3098;14451.6068292
3100;14451.6068292
3102;14451.6068292
3104;14451.6068292
3106;14451.6068292
3108;14451.6068292
3110;14451.6068292
3112;14451.6068292
3114;14451.6068292
3116;14451.6068292
3118;14451.6068292
3120;14451.6068292
3122;14451.6068292
3124;14451.6068292
3126;14451.6068292
3128;14451.6068292
3130;14451.6068292
3132;14451.6068292
3134;14451.6068292
3136;14451.6068292
3138;14451.6068292
3140;14451.6068292
3142;14451.6068292
3144;14451.6068292
3146;14451.6068292
3148;14451.6068292
3150;14451.6068292
3152;14451.6068292
3154;14451.6068292
3156;14451.6068292
3158;14451.6068292
3160;14451.6068292
3162;14451.6068292
3164;14451.6068292
3166;14451.6068292
3168;14451.6068292
3170;14451.6068292
3172;14451.6068292
3174;14451.6068292
3176;14451.6068292
3178;14451.6068292
3180;14451.6068292
3182;14451.6068292
3184;14451.6068292
3186;14451.6068292
3188;14451.6068292
3190;14451.6068292
3192;14451.6068292
3194;14451.6068292
3196;14451.6068292
3198;14451.6068292
3200;14451.6068292
3202;14451.6068292
3204;14451.6068292
3206;14451.6068292
3208;14451.6068292
3210;14451.6068292
3212;14451.6068292
3214;14451.6068292
3216;14451.6068292
3218;14451.6068292
3220;14451.6068292
3222;14451.6068292
3224;14451.6068292
3226;14451.6068292
3228;14451.6068292
3230;14451.6068292
3232;14451.6068292
3234;14451.6068292
3236;14451.6068292
3238;14451.6068292
3240;14451.6068292
3242;14451.6068292
3244;14451.6068292
3246;14451.6068292
3248;14451.6068292
3250;14451.6068292
3252;14451.6068292
3254;14451.6068292
3256;14451.6068292
3258;14451.6068292
3260;14451.6068292
3262;14451.6068292
3264;14451.6068292
3266;14451.6068292
3268;14451.6068292
3270;14451.6068292
3272;14451.6068292
3274;14451.6068292
3276;14451.6068292
3278;14451.6068292
3280;14451.6068292
3282;14451.6068292
3284;14451.6068292
3286;14451.6068292
3288;14451.6068292
3290;14451.6068292
3292;14451.6068292
3294;14451.6068292
3296;14451.6068292
3298;14451.6068292
3300;14451.6068292
3302;14451.6068292
3304;14451.6068292
3306;14451.6068292
3308;14451.6068292
3310;14451.6068292
3312;14451.6068292
3314;14451.6068292
3316;14451.6068292
3318;14451.6068292
3320;14451.6068292
3322;14451.6068292
3324;14451.6068292
3326;14451.6068292
3328;14451.6068292
3330;14451.6068292
3332;14451.6068292
3334;14451.6068292
3336;14451.6068292
3338;14451.6068292
3340;14451.6068292
3342;14451.6068292
3344;14451.6068292
3346;14451.6068292
3348;14451.6068292
3350;14451.6068292
3352;14451.6068292
3354;14451.6068292
3356;14451.6068292
3358;14451.6068292
3360;14451.6068292
3362;14451.6068292
3364;14451.6068292
3366;14451.6068292
3368;14451.6068292
3370;14451.6068292
3372;14451.6068292
3374;14451.6068292
3376;14451.6068292
3378;14451.6068292
3380;14451.6068292
3382;14451.6068292
3384;14451.6068292
3386;14451.6068292
3388;14451.6068292
3390;14451.6068292
3392;14451.6068292
3394;14451.6068292
3396;14451.6068292
3398;14451.6068292
3400;14451.6068292
3402;14451.6068292
3404;14451.6068292
3406;14451.6068292
3408;14451.6068292
3410;14451.6068292
3412;14451.6068292
3414;14451.6068292
3416;14451.6068292
3418;14451.6068292
3420;14451.6068292
3422;14451.6068292
3424;14451.6068292
3426;14451.6068292
3428;14451.6068292
3430;14451.6068292
3432;14451.6068292
3434;14451.6068292
3436;14451.6068292
3438;14451.6068292
3440;14451.6068292
3442;14451.6068292
3444;14451.6068292
3446;14451.6068292
3448;14451.6068292
3450;14451.6068292
3452;14451.6068292
3454;14451.6068292
3456;14451.6068292
3458;14451.6068292
3460;14451.6068292
3462;14451.6068292
3464;14451.6068292
3466;14451.6068292
3468;14451.6068292
3470;14451.6068292
3472;14451.6068292
3474;14451.6068292
3476;14451.6068292
3478;14451.6068292
3480;14451.6068292
3482;14451.6068292
3484;14451.6068292
3486;14451.6068292
3488;14451.6068292
3490;14451.6068292
3492;14451.6068292
3494;14451.6068292
3496;14451.6068292
3498;14451.6068292
3500;14451.6068292
3502;14451.6068292
3504;14451.6068292
3506;14451.6068292
3508;14451.6068292
3510;14451.6068292
3512;14451.6068292
3514;14451.6068292
3516;14451.6068292
3518;14451.6068292
3520;14451.6068292
3522;14451.6068292
3524;14451.6068292
3526;14451.6068292
3528;14451.6068292
3530;14451.6068292
3532;14451.6068292
3534;14451.6068292
3536;14451.6068292
3538;14451.6068292
3540;14451.6068292
3542;14451.6068292
3544;14451.6068292
3546;14451.6068292
3548;14451.6068292
3550;14451.6068292
3552;14451.6068292
3554;14451.6068292
3556;14451.6068292
3558;14451.6068292
3560;14451.6068292
3562;14451.6068292
3564;14451.6068292
3566;14451.6068292
3568;14451.6068292
3570;14451.6068292
3572;14451.6068292
3574;14451.6068292
3576;14451.6068292
3578;14451.6068292
3580;14451.6068292
3582;14451.6068292
3584;14451.6068292
3586;14451.6068292
3588;14451.6068292
3590;14451.6068292
3592;14451.6068292
3594;14451.6068292
3596;14451.6068292
3598;14451.6068292
3600;14451.6068292
3602;14451.6068292
3604;14451.6068292
3606;14451.6068292
3608;14451.6068292
3610;14451.6068292
3612;14451.6068292
3614;14451.6068292
3616;14451.6068292
3618;14451.6068292
3620;14451.6068292
3622;14451.6068292
3624;14451.6068292
3626;14451.6068292
3628;14451.6068292
3630;14451.6068292
3632;14451.6068292
3634;14451.6068292
3636;14451.6068292
3638;14451.6068292
3640;14451.6068292
3642;14451.6068292
3644;14451.6068292
3646;14451.6068292
3648;14451.6068292
3650;14451.6068292
3652;14451.6068292
3654;14451.6068292
3656;14451.6068292
3658;14451.6068292
3660;14451.6068292
3662;14451.6068292
3664;14451.6068292
3666;14451.6068292
3668;14451.6068292
3670;14451.6068292
3672;14451.6068292
3674;14451.6068292
3676;14451.6068292
3678;14451.6068292
3680;14451.6068292
3682;14451.6068292
3684;14451.6068292
3686;14451.6068292
3688;14451.6068292
3690;14451.6068292
3692;14451.6068292
3694;14451.6068292
3696;14451.6068292
3698;14451.6068292
3700;14451.6068292
3702;14451.6068292
3704;14451.6068292
3706;14451.6068292
3708;14451.6068292
3710;14451.6068292
3712;14451.6068292
3714;14451.6068292
3716;14451.6068292
3718;14451.6068292
3720;14451.6068292
3722;14451.6068292
3724;14451.6068292
3726;14451.6068292
3728;14451.6068292
3730;14451.6068292
3732;14451.6068292
3734;14451.6068292
3736;14451.6068292
3738;14451.6068292
3740;14451.6068292
3742;14451.6068292
3744;14451.6068292
3746;14451.6068292
3748;14451.6068292
3750;14451.6068292
3752;14451.6068292
3754;14451.6068292
3756;14451.6068292
3758;14451.6068292
3760;14451.6068292
3762;14451.6068292
3764;14451.6068292
3766;14451.6068292
3768;14451.6068292
3770;14451.6068292
3772;14451.6068292
3774;14451.6068292
3776;14451.6068292
3778;14451.6068292
3780;14451.6068292
3782;14451.6068292
3784;14451.6068292
3786;14451.6068292
3788;14451.6068292
3790;14451.6068292
3792;14451.6068292
3794;14451.6068292
3796;14451.6068292
3798;14451.6068292
3800;14451.6068292
3802;14451.6068292
3804;14451.6068292
3806;14451.6068292
3808;14451.6068292
3810;14451.6068292
3812;14451.6068292
3814;14451.6068292
3816;14451.6068292
3818;14451.6068292
3820;14451.6068292
3822;14451.6068292
3824;14451.6068292
3826;14451.6068292
3828;14451.6068292
3830;14451.6068292
3832;14451.6068292
3834;14451.6068292
3836;14451.6068292
3838;14451.6068292
3840;14451.6068292
3842;14451.6068292
3844;14451.6068292
3846;14451.6068292
3848;14451.6068292
3850;14451.6068292
3852;14451.6068292
3854;14451.6068292
3856;14451.6068292
3858;14451.6068292
3860;14451.6068292
3862;14451.6068292
3864;14451.6068292
3866;14451.6068292
3868;14451.6068292
3870;14451.6068292
3872;14451.6068292
3874;14451.6068292
3876;14451.6068292
3878;14451.6068292
3880;14451.6068292
3882;14451.6068292
3884;14451.6068292
3886;14451.6068292
3888;14451.6068292
3890;14451.6068292
3892;14451.6068292
3894;14451.6068292
3896;14451.6068292
3898;14451.6068292
3900;14451.6068292
3902;14451.6068292
3904;14451.6068292
3906;14451.6068292
3908;14451.6068292
3910;14451.6068292
3912;14451.6068292
3914;14451.6068292
3916;14451.6068292
3918;14451.6068292
3920;14451.6068292
3922;14451.6068292
3924;14451.6068292
3926;14451.6068292
3928;14451.6068292
3930;14451.6068292
3932;14451.6068292
3934;14451.6068292
3936;14451.6068292
3938;14451.6068292
3940;14451.6068292
3942;14451.6068292
3944;14451.6068292
3946;14451.6068292
3948;14451.6068292
3950;14451.6068292
3952;14451.6068292
3954;14451.6068292
3956;14451.6068292
3958;14451.6068292
3960;14451.6068292
3962;14451.6068292
3964;14451.6068292
3966;14451.6068292
3968;14451.6068292
3970;14451.6068292
3972;14451.6068292
3974;14451.6068292
3976;14451.6068292
3978;14451.6068292
3980;14451.6068292
3982;14451.6068292
3984;14451.6068292
3986;14451.6068292
3988;14451.6068292
3990;14451.6068292
3992;14451.6068292
3994;14451.6068292
3996;14451.6068292
3998;14451.6068292
4000;14451.6068292
4002;14451.6068292
4004;14451.6068292
4006;14451.6068292
4008;14451.6068292
4010;14451.6068292
4012;14451.6068292
4014;14451.6068292
4016;14451.6068292
4018;14451.6068292
4020;14451.6068292
4022;14451.6068292
4024;14451.6068292
4026;14451.6068292
4028;14451.6068292
4030;14451.6068292
4032;14451.6068292
4034;14451.6068292
4036;14451.6068292
4038;14451.6068292
4040;14451.6068292
4042;14451.6068292
4044;14451.6068292
4046;14451.6068292
4048;14451.6068292
4050;14451.6068292
4052;14451.6068292
4054;14451.6068292
4056;14451.6068292
4058;14451.6068292
4060;14451.6068292
4062;14451.6068292
4064;14451.6068292
4066;14451.6068292
4068;14451.6068292
4070;14451.6068292
4072;14451.6068292
4074;14451.6068292
4076;14451.6068292
4078;14451.6068292
4080;14451.6068292
4082;14451.6068292
4084;14451.6068292
4086;14451.6068292
4088;14451.6068292
4090;14451.6068292
4092;14451.6068292
4094;14451.6068292
4096;14451.6068292
4098;14451.6068292
4100;14451.6068292
4102;14451.6068292
4104;14451.6068292
4106;14451.6068292
4108;14451.6068292
4110;14451.6068292
4112;14451.6068292
4114;14451.6068292
4116;14451.6068292
4118;14451.6068292
4120;14451.6068292
4122;14451.6068292
4124;14451.6068292
4126;14451.6068292
4128;14451.6068292
4130;14451.6068292
4132;14451.6068292
4134;14451.6068292
4136;14451.6068292
4138;14451.6068292
4140;14451.6068292
4142;14451.6068292
4144;14451.6068292
4146;14451.6068292
4148;14451.6068292
4150;14451.6068292
4152;14451.6068292
4154;14451.6068292
4156;14451.6068292
4158;14451.6068292
4160;14451.6068292
4162;14451.6068292
4164;14451.6068292
4166;14451.6068292
4168;14451.6068292
4170;14451.6068292
4172;14451.6068292
4174;14451.6068292
4176;14451.6068292
4178;14451.6068292
4180;14451.6068292
4182;14451.6068292
4184;14451.6068292
4186;14451.6068292
4188;14451.6068292
4190;14451.6068292
4192;14451.6068292
4194;14451.6068292
4196;14451.6068292
4198;14451.6068292
4200;14451.6068292
4202;14451.6068292
4204;14451.6068292
4206;14451.6068292
4208;14451.6068292
4210;14451.6068292
4212;14451.6068292
4214;14451.6068292
4216;14451.6068292
4218;14451.6068292
4220;14451.6068292
4222;14451.6068292
4224;14451.6068292
4226;14451.6068292
4228;14451.6068292
4230;14451.6068292
4232;14451.6068292
4234;14451.6068292
4236;14451.6068292
4238;14451.6068292
4240;14451.6068292
4242;14451.6068292
4244;14451.6068292
4246;14451.6068292
4248;14451.6068292
4250;14451.6068292
4252;14451.6068292
4254;14451.6068292
4256;14451.6068292
4258;14451.6068292
4260;14451.6068292
4262;14451.6068292
4264;14451.6068292
4266;14451.6068292
4268;14451.6068292
4270;14451.6068292
4272;14451.6068292
4274;14451.6068292
4276;14451.6068292
4278;14451.6068292
4280;14451.6068292
4282;14451.6068292
4284;14451.6068292
4286;14451.6068292
4288;14451.6068292
4290;14451.6068292
4292;14451.6068292
4294;14451.6068292
4296;14451.6068292
4298;14451.6068292
4300;14451.6068292
4302;14451.6068292
4304;14451.6068292
4306;14451.6068292
4308;14451.6068292
4310;14451.6068292
4312;14451.6068292
4314;14451.6068292
4316;14451.6068292
4318;14451.6068292
4320;14451.6068292
4322;14451.6068292
4324;14451.6068292
4326;14451.6068292
4328;14451.6068292
4330;14451.6068292
4332;14451.6068292
4334;14451.6068292
4336;14451.6068292
4338;14451.6068292
4340;14451.6068292
4342;14451.6068292
4344;14451.6068292
4346;14451.6068292
4348;14451.6068292
4350;14451.6068292
4352;14451.6068292
4354;14451.6068292
4356;14451.6068292
4358;14451.6068292
4360;14451.6068292
4362;14451.6068292
4364;14451.6068292
4366;14451.6068292
4368;14451.6068292
4370;14451.6068292
4372;14451.6068292
4374;14451.6068292
4376;14451.6068292
4378;14451.6068292
4380;14451.6068292
4382;14451.6068292
4384;14451.6068292
4386;14451.6068292
4388;14451.6068292
4390;14451.6068292
4392;14451.6068292
4394;14451.6068292
4396;14451.6068292
4398;14451.6068292
4400;14451.6068292
4402;14451.6068292
4404;14451.6068292
4406;14451.6068292
4408;14451.6068292
4410;14451.6068292
4412;14451.6068292
4414;14451.6068292
4416;14451.6068292
4418;14451.6068292
4420;14451.6068292
4422;14451.6068292
4424;14451.6068292
4426;14451.6068292
4428;14451.6068292
4430;14451.6068292
4432;14451.6068292
4434;14451.6068292
4436;14451.6068292
4438;14451.6068292
4440;14451.6068292
4442;14451.6068292
4444;14451.6068292
4446;14451.6068292
4448;14451.6068292
4450;14451.6068292
4452;14451.6068292
4454;14451.6068292
4456;14451.6068292
4458;14451.6068292
4460;14451.6068292
4462;14451.6068292
4464;14451.6068292
4466;14451.6068292
4468;14451.6068292
4470;14451.6068292
4472;14451.6068292
4474;14451.6068292
4476;14451.6068292
4478;14451.6068292
4480;14451.6068292
4482;14451.6068292
4484;14451.6068292
4486;14451.6068292
4488;14451.6068292
4490;14451.6068292
4492;14451.6068292
4494;14451.6068292
4496;14451.6068292
4498;14451.6068292
4500;14451.6068292
4502;14451.6068292
4504;14451.6068292
4506;14451.6068292
4508;14451.6068292
4510;14451.6068292
4512;14451.6068292
4514;14451.6068292
4516;14451.6068292
4518;14451.6068292
4520;14451.6068292
4522;14451.6068292
4524;14451.6068292
4526;14451.6068292
4528;14451.6068292
4530;14451.6068292
4532;14451.6068292
4534;14451.6068292
4536;14451.6068292
4538;14451.6068292
4540;14451.6068292
4542;14451.6068292
4544;14451.6068292
4546;14451.6068292
4548;14451.6068292
4550;14451.6068292
4552;14451.6068292
4554;14451.6068292
4556;14451.6068292
4558;14451.6068292
4560;14451.6068292
4562;14451.6068292
4564;14451.6068292
4566;14451.6068292
4568;14451.6068292
4570;14451.6068292
4572;14451.6068292
4574;14451.6068292
4576;14451.6068292
4578;14451.6068292
4580;14451.6068292
4582;14451.6068292
4584;14451.6068292
4586;14451.6068292
4588;14451.6068292
4590;14451.6068292
4592;14451.6068292
4594;14451.6068292
4596;14451.6068292
4598;14451.6068292
4600;14451.6068292
4602;14451.6068292
4604;14451.6068292
4606;14451.6068292
4608;14451.6068292
4610;14451.6068292
4612;14451.6068292
4614;14451.6068292
4616;14451.6068292
4618;14451.6068292
4620;14451.6068292
4622;14451.6068292
4624;14451.6068292
4626;14451.6068292
4628;14451.6068292
4630;14451.6068292
4632;14451.6068292
4634;14451.6068292
4636;14451.6068292
4638;14451.6068292
4640;14451.6068292
4642;14451.6068292
4644;14451.6068292
4646;14451.6068292
4648;14451.6068292
4650;14451.6068292
4652;14451.6068292
4654;14451.6068292
4656;14451.6068292
4658;14451.6068292
4660;14451.6068292
4662;14451.6068292
4664;14451.6068292
4666;14451.6068292
4668;14451.6068292
4670;14451.6068292
4672;14451.6068292
4674;14451.6068292
4676;14451.6068292
4678;14451.6068292
4680;14451.6068292
4682;14451.6068292
4684;14451.6068292
4686;14451.6068292
4688;14451.6068292
4690;14451.6068292
4692;14451.6068292
4694;14451.6068292
4696;14451.6068292
4698;14451.6068292
4700;14451.6068292
4702;14451.6068292
4704;14451.6068292
4706;14451.6068292
4708;14451.6068292
4710;14451.6068292
4712;14451.6068292
4714;14451.6068292
4716;14451.6068292
4718;14451.6068292
4720;14451.6068292
4722;14451.6068292
4724;14451.6068292
4726;14451.6068292
4728;14451.6068292
4730;14451.6068292
4732;14451.6068292
4734;14451.6068292
4736;14451.6068292
4738;14451.6068292
4740;14451.6068292
4742;14451.6068292
4744;14451.6068292
4746;14451.6068292
4748;14451.6068292
4750;14451.6068292
4752;14451.6068292
4754;14451.6068292
4756;14451.6068292
4758;14451.6068292
4760;14451.6068292
4762;14451.6068292
4764;14451.6068292
4766;14451.6068292
4768;14451.6068292
4770;14451.6068292
4772;14451.6068292
4774;14451.6068292
4776;14451.6068292
4778;14451.6068292
4780;14451.6068292
4782;14451.6068292
4784;14451.6068292
4786;14451.6068292
4788;14451.6068292
4790;14451.6068292
4792;14451.6068292
4794;14451.6068292
4796;14451.6068292
4798;14451.6068292
4800;14451.6068292
4802;14451.6068292
4804;14451.6068292
4806;14451.6068292
4808;14451.6068292
4810;14451.6068292
4812;14451.6068292
4814;14451.6068292
4816;14451.6068292
4818;14451.6068292
4820;14451.6068292
4822;14451.6068292
4824;14451.6068292
4826;14451.6068292
4828;14451.6068292
4830;14451.6068292
4832;14451.6068292
4834;14451.6068292
4836;14451.6068292
4838;14451.6068292
4840;14451.6068292
4842;14451.6068292
4844;14451.6068292
4846;14451.6068292
4848;14451.6068292
4850;14451.6068292
4852;14451.6068292
4854;14451.6068292
4856;14451.6068292
4858;14451.6068292
4860;14451.6068292
4862;14451.6068292
4864;14451.6068292
4866;14451.6068292
4868;14451.6068292
4870;14451.6068292
4872;14451.6068292
4874;14451.6068292
4876;14451.6068292
4878;14451.6068292
4880;14451.6068292
4882;14451.6068292
4884;14451.6068292
4886;14451.6068292
4888;14451.6068292
4890;14451.6068292
4892;14451.6068292
4894;14451.6068292
4896;14451.6068292
4898;14451.6068292
4900;14451.6068292
4902;14451.6068292
4904;14451.6068292
4906;14451.6068292
4908;14451.6068292
4910;14451.6068292
4912;14451.6068292
4914;14451.6068292
4916;14451.6068292
4918;14451.6068292
4920;14451.6068292
4922;14451.6068292
4924;14451.6068292
4926;14451.6068292
4928;14451.6068292
4930;14451.6068292
4932;14451.6068292
4934;14451.6068292
4936;14451.6068292
4938;14451.6068292
4940;14451.6068292
4942;14451.6068292
4944;14451.6068292
4946;14451.6068292
4948;14451.6068292
4950;14451.6068292
4952;14451.6068292
4954;14451.6068292
4956;14451.6068292
4958;14451.6068292
4960;14451.6068292
4962;14451.6068292
4964;14451.6068292
4966;14451.6068292
4968;14451.6068292
4970;14451.6068292
4972;14451.6068292
4974;14451.6068292
4976;14451.6068292
4978;14451.6068292
4980;14451.6068292
4982;14451.6068292
4984;14451.6068292
4986;14451.6068292
4988;14451.6068292
4990;14451.6068292
4992;14451.6068292
4994;14451.6068292
4996;14451.6068292
4998;14451.6068292
5000;14451.6068292
5002;14451.6068292
5004;14451.6068292
5006;14451.6068292
5008;14451.6068292
5010;14451.6068292
5012;14451.6068292
5014;14451.6068292
5016;14451.6068292
5018;14451.6068292
5020;14451.6068292
5022;14451.6068292
5024;14451.6068292
5026;14451.6068292
5028;14451.6068292
5030;14451.6068292
5032;14451.6068292
5034;14451.6068292
5036;14451.6068292
5038;14451.6068292
5040;14451.6068292
5042;14451.6068292
5044;14451.6068292
5046;14451.6068292
5048;14451.6068292
5050;14451.6068292
5052;14451.6068292
5054;14451.6068292
5056;14451.6068292
5058;14451.6068292
5060;14451.6068292
5062;14451.6068292
5064;14451.6068292
5066;14451.6068292
5068;14451.6068292
5070;14451.6068292
5072;14451.6068292
5074;14451.6068292
5076;14451.6068292
5078;14451.6068292
5080;14451.6068292
5082;14451.6068292
5084;14451.6068292
5086;14451.6068292
5088;14451.6068292
5090;14451.6068292
5092;14451.6068292
5094;14451.6068292
5096;14451.6068292
5098;14451.6068292
5100;14451.6068292
5102;14451.6068292
5104;14451.6068292
5106;14451.6068292
5108;14451.6068292
5110;14451.6068292
5112;14451.6068292
5114;14451.6068292
5116;14451.6068292
5118;14451.6068292
5120;14451.6068292
5122;14451.6068292
5124;14451.6068292
5126;14451.6068292
5128;14451.6068292
5130;14451.6068292
5132;14451.6068292
5134;14451.6068292
5136;14451.6068292
5138;14451.6068292
5140;14451.6068292
5142;14451.6068292
5144;14451.6068292
5146;14451.6068292
5148;14451.6068292
5150;14451.6068292
5152;14451.6068292
5154;14451.6068292
5156;14451.6068292
5158;14451.6068292
5160;14451.6068292
5162;14451.6068292
5164;14451.6068292
5166;14451.6068292
5168;14451.6068292
5170;14451.6068292
5172;14451.6068292
5174;14451.6068292
5176;14451.6068292
5178;14451.6068292
5180;14451.6068292
5182;14451.6068292
5184;14451.6068292
5186;14451.6068292
5188;14451.6068292
5190;14451.6068292
5192;14451.6068292
5194;14451.6068292
5196;14451.6068292
5198;14451.6068292
5200;14451.6068292
5202;14451.6068292
5204;14451.6068292
5206;14451.6068292
5208;14451.6068292
5210;14451.6068292
5212;14451.6068292
5214;14451.6068292
5216;14451.6068292
5218;14451.6068292
5220;14451.6068292
5222;14451.6068292
5224;14451.6068292
5226;14451.6068292
5228;14451.6068292
5230;14451.6068292
5232;14451.6068292
5234;14451.6068292
5236;14451.6068292
5238;14451.6068292
5240;14451.6068292
5242;14451.6068292
5244;14451.6068292
5246;14451.6068292
5248;14451.6068292
5250;14451.6068292
5252;14451.6068292
5254;14451.6068292
5256;14451.6068292
5258;14451.6068292
5260;14451.6068292
5262;14451.6068292
5264;14451.6068292
5266;14451.6068292
5268;14451.6068292
5270;14451.6068292
5272;14451.6068292
5274;14451.6068292
5276;14451.6068292
5278;14451.6068292
5280;14451.6068292
5282;14451.6068292
5284;14451.6068292
5286;14451.6068292
5288;14451.6068292
5290;14451.6068292
5292;14451.6068292
5294;14451.6068292
5296;14451.6068292
5298;14451.6068292
5300;14451.6068292
5302;14451.6068292
5304;14451.6068292
5306;14451.6068292
5308;14451.6068292
5310;14451.6068292
5312;14451.6068292
5314;14451.6068292
5316;14451.6068292
5318;14451.6068292
5320;14451.6068292
5322;14451.6068292
5324;14451.6068292
5326;14451.6068292
5328;14451.6068292
5330;14451.6068292
5332;14451.6068292
5334;14451.6068292
5336;14451.6068292
5338;14451.6068292
5340;14451.6068292
5342;14451.6068292
5344;14451.6068292
5346;14451.6068292
5348;14451.6068292
5350;14451.6068292
5352;14451.6068292
5354;14451.6068292
5356;14451.6068292
5358;14451.6068292
5360;14451.6068292
5362;14451.6068292
5364;14451.6068292
5366;14451.6068292
5368;14451.6068292
5370;14451.6068292
5372;14451.6068292
5374;14451.6068292
5376;14451.6068292
5378;14451.6068292
5380;14451.6068292
5382;14451.6068292
5384;14451.6068292
5386;14451.6068292
5388;14451.6068292
5390;14451.6068292
5392;14451.6068292
5394;14451.6068292
5396;14451.6068292
5398;14451.6068292
5400;14451.6068292
5402;14451.6068292
5404;14451.6068292
5406;14451.6068292
5408;14451.6068292
5410;14451.6068292
5412;14451.6068292
5414;14451.6068292
5416;14451.6068292
5418;14451.6068292
5420;14451.6068292
5422;14451.6068292
5424;14451.6068292
5426;14451.6068292
5428;14451.6068292
5430;14451.6068292
5432;14451.6068292
5434;14451.6068292
5436;14451.6068292
5438;14451.6068292
5440;14451.6068292
5442;14451.6068292
5444;14451.6068292
5446;14451.6068292
5448;14451.6068292
5450;14451.6068292
5452;14451.6068292
5454;14451.6068292
5456;14451.6068292
5458;14451.6068292
5460;14451.6068292
5462;14451.6068292
5464;14451.6068292
5466;14451.6068292
5468;14451.6068292
5470;14451.6068292
5472;14451.6068292
5474;14451.6068292
5476;14451.6068292
5478;14451.6068292
5480;14451.6068292
5482;14451.6068292
5484;14451.6068292
5486;14451.6068292
5488;14451.6068292
5490;14451.6068292
5492;14451.6068292
5494;14451.6068292
5496;14451.6068292
5498;14451.6068292
5500;14451.6068292
5502;14451.6068292
5504;14451.6068292
5506;14451.6068292
5508;14451.6068292
5510;14451.6068292
5512;14451.6068292
5514;14451.6068292
5516;14451.6068292
5518;14451.6068292
5520;14451.6068292
5522;14451.6068292
5524;14451.6068292
5526;14451.6068292
5528;14451.6068292
5530;14451.6068292
5532;14451.6068292
5534;14451.6068292
5536;14451.6068292
5538;14451.6068292
5540;14451.6068292
5542;14451.6068292
5544;14451.6068292
5546;14451.6068292
5548;14451.6068292
5550;14451.6068292
5552;14451.6068292
5554;14451.6068292
5556;14451.6068292
5558;14451.6068292
5560;14451.6068292
5562;14451.6068292
5564;14451.6068292
5566;14451.6068292
5568;14451.6068292
5570;14451.6068292
5572;14451.6068292
5574;14451.6068292
5576;14451.6068292
5578;14451.6068292
5580;14451.6068292
5582;14451.6068292
5584;14451.6068292
5586;14451.6068292
5588;14451.6068292
5590;14451.6068292
5592;14451.6068292
5594;14451.6068292
5596;14451.6068292
5598;14451.6068292
5600;14451.6068292
5602;14451.6068292
5604;14451.6068292
5606;14451.6068292
5608;14451.6068292
5610;14451.6068292
5612;14451.6068292
5614;14451.6068292
5616;14451.6068292
5618;14451.6068292
5620;14451.6068292
5622;14451.6068292
5624;14451.6068292
5626;14451.6068292
5628;14451.6068292
5630;14451.6068292
5632;14451.6068292
5634;14451.6068292
5636;14451.6068292
5638;14451.6068292
5640;14451.6068292
5642;14451.6068292
5644;14451.6068292
5646;14451.6068292
5648;14451.6068292
5650;14451.6068292
5652;14451.6068292
5654;14451.6068292
5656;14451.6068292
5658;14451.6068292
5660;14451.6068292
5662;14451.6068292
5664;14451.6068292
5666;14451.6068292
5668;14451.6068292
5670;14451.6068292
5672;14451.6068292
5674;14451.6068292
5676;14451.6068292
5678;14451.6068292
5680;14451.6068292
5682;14451.6068292
5684;14451.6068292
5686;14451.6068292
5688;14451.6068292
5690;14451.6068292
5692;14451.6068292
5694;14451.6068292
5696;14451.6068292
5698;14451.6068292
5700;14451.6068292
5702;14451.6068292
5704;14451.6068292
5706;14451.6068292
5708;14451.6068292
5710;14451.6068292
5712;14451.6068292
5714;14451.6068292
5716;14451.6068292
5718;14451.6068292
5720;14451.6068292
5722;14451.6068292
5724;14451.6068292
5726;14451.6068292
5728;14451.6068292
5730;14451.6068292
5732;14451.6068292
5734;14451.6068292
5736;14451.6068292
5738;14451.6068292
5740;14451.6068292
5742;14451.6068292
5744;14451.6068292
5746;14451.6068292
5748;14451.6068292
5750;14451.6068292
5752;14451.6068292
5754;14451.6068292
5756;14451.6068292
5758;14451.6068292
5760;14451.6068292
5762;14451.6068292
5764;14451.6068292
5766;14451.6068292
5768;14451.6068292
5770;14451.6068292
5772;14451.6068292
5774;14451.6068292
5776;14451.6068292
5778;14451.6068292
5780;14451.6068292
5782;14451.6068292
5784;14451.6068292
5786;14451.6068292
5788;14451.6068292
5790;14451.6068292
5792;14451.6068292
5794;14451.6068292
5796;14451.6068292
5798;14451.6068292
5800;14451.6068292
5802;14451.6068292
5804;14451.6068292
5806;14451.6068292
5808;14451.6068292
5810;14451.6068292
5812;14451.6068292
5814;14451.6068292
5816;14451.6068292
5818;14451.6068292
5820;14451.6068292
5822;14451.6068292
5824;14451.6068292
5826;14451.6068292
5828;14451.6068292
5830;14451.6068292
5832;14451.6068292
5834;14451.6068292
5836;14451.6068292
5838;14451.6068292
5840;14451.6068292
5842;14451.6068292
5844;14451.6068292
5846;14451.6068292
5848;14451.6068292
5850;14451.6068292
5852;14451.6068292
5854;14451.6068292
5856;14451.6068292
5858;14451.6068292
5860;14451.6068292
5862;14451.6068292
5864;14451.6068292
5866;14451.6068292
5868;14451.6068292
5870;14451.6068292
5872;14451.6068292
5874;14451.6068292
5876;14451.6068292
5878;14451.6068292
5880;14451.6068292
5882;14451.6068292
5884;14451.6068292
5886;14451.6068292
5888;14451.6068292
5890;14451.6068292
5892;14451.6068292
5894;14451.6068292
5896;14451.6068292
5898;14451.6068292
5900;14451.6068292
5902;14451.6068292
5904;14451.6068292
5906;14451.6068292
5908;14451.6068292
5910;14451.6068292
5912;14451.6068292
5914;14451.6068292
5916;14451.6068292
5918;14451.6068292
5920;14451.6068292
5922;14451.6068292
5924;14451.6068292
5926;14451.6068292
5928;14451.6068292
5930;14451.6068292
5932;14451.6068292
5934;14451.6068292
5936;14451.6068292
5938;14451.6068292
5940;14451.6068292
5942;14451.6068292
5944;14451.6068292
5946;14451.6068292
5948;14451.6068292
5950;14451.6068292
5952;14451.6068292
5954;14451.6068292
5956;14451.6068292
5958;14451.6068292
5960;14451.6068292
5962;14451.6068292
5964;14451.6068292
5966;14451.6068292
5968;14451.6068292
5970;14451.6068292
5972;14451.6068292
5974;14451.6068292
5976;14451.6068292
5978;14451.6068292
5980;14451.6068292
5982;14451.6068292
5984;14451.6068292
5986;14451.6068292
5988;14451.6068292
5990;14451.6068292
5992;14451.6068292
5994;14451.6068292
5996;14451.6068292
5998;14451.6068292
6000;14451.6068292
6002;14451.6068292
6004;14451.6068292
6006;14451.6068292
6008;14451.6068292
6010;14451.6068292
6012;14451.6068292
6014;14451.6068292
6016;14451.6068292
6018;14451.6068292
6020;14451.6068292
6022;14451.6068292
6024;14451.6068292
6026;14451.6068292
6028;14451.6068292
6030;14451.6068292
6032;14451.6068292
6034;14451.6068292
6036;14451.6068292
6038;14451.6068292
6040;14451.6068292
6042;14451.6068292
6044;14451.6068292
6046;14451.6068292
6048;14451.6068292
6050;14451.6068292
6052;14451.6068292
6054;14451.6068292
6056;14451.6068292
6058;14451.6068292
6060;14451.6068292
6062;14451.6068292
6064;14451.6068292
6066;14451.6068292
6068;14451.6068292
6070;14451.6068292
6072;14451.6068292
6074;14451.6068292
6076;14451.6068292
6078;14451.6068292
6080;14451.6068292
6082;14451.6068292
6084;14451.6068292
6086;14451.6068292
6088;14451.6068292
6090;14451.6068292
6092;14451.6068292
6094;14451.6068292
6096;14451.6068292
6098;14451.6068292
6100;14451.6068292
6102;14451.6068292
6104;14451.6068292
6106;14451.6068292
6108;14451.6068292
6110;14451.6068292
6112;14451.6068292
6114;14451.6068292
6116;14451.6068292
6118;14451.6068292
6120;14451.6068292
6122;14451.6068292
6124;14451.6068292
6126;14451.6068292
6128;14451.6068292
6130;14451.6068292
6132;14451.6068292
6134;14451.6068292
6136;14451.6068292
6138;14451.6068292
6140;14451.6068292
6142;14451.6068292
6144;14451.6068292
6146;14451.6068292
6148;14451.6068292
6150;14451.6068292
6152;14451.6068292
6154;14451.6068292
6156;14451.6068292
6158;14451.6068292
6160;14451.6068292
6162;14451.6068292
6164;14451.6068292
6166;14451.6068292
6168;14451.6068292
6170;14451.6068292
6172;14451.6068292
6174;14451.6068292
6176;14451.6068292
6178;14451.6068292
6180;14451.6068292
6182;14451.6068292
6184;14451.6068292
6186;14451.6068292
6188;14451.6068292
6190;14451.6068292
6192;14451.6068292
6194;14451.6068292
6196;14451.6068292
6198;14451.6068292
6200;14451.6068292
6202;14451.6068292
6204;14451.6068292
6206;14451.6068292
6208;14451.6068292
6210;14451.6068292
6212;14451.6068292
6214;14451.6068292
6216;14451.6068292
6218;14451.6068292
6220;14451.6068292
6222;14451.6068292
6224;14451.6068292
6226;14451.6068292
6228;14451.6068292
6230;14451.6068292
6232;14451.6068292
6234;14451.6068292
6236;14451.6068292
6238;14451.6068292
6240;14451.6068292
6242;14451.6068292
6244;14451.6068292
6246;14451.6068292
6248;14451.6068292
6250;14451.6068292
6252;14451.6068292
6254;14451.6068292
6256;14451.6068292
6258;14451.6068292
6260;14451.6068292
6262;14451.6068292
6264;14451.6068292
6266;14451.6068292
6268;14451.6068292
6270;14451.6068292
6272;14451.6068292
6274;14451.6068292
6276;14451.6068292
6278;14451.6068292
6280;14451.6068292
6282;14451.6068292
6284;14451.6068292
6286;14451.6068292
6288;14451.6068292
6290;14451.6068292
6292;14451.6068292
6294;14451.6068292
6296;14451.6068292
6298;14451.6068292
6300;14451.6068292
6302;14451.6068292
6304;14451.6068292
6306;14451.6068292
6308;14451.6068292
6310;14451.6068292
6312;14451.6068292
6314;14451.6068292
6316;14451.6068292
6318;14451.6068292
6320;14451.6068292
6322;14451.6068292
6324;14451.6068292
6326;14451.6068292
6328;14451.6068292
6330;14451.6068292
6332;14451.6068292
6334;14451.6068292
6336;14451.6068292
6338;14451.6068292
6340;14451.6068292
6342;14451.6068292
6344;14451.6068292
6346;14451.6068292
6348;14451.6068292
6350;14451.6068292
6352;14451.6068292
6354;14451.6068292
6356;14451.6068292
6358;14451.6068292
6360;14451.6068292
6362;14451.6068292
6364;14451.6068292
6366;14451.6068292
6368;14451.6068292
6370;14451.6068292
6372;14451.6068292
6374;14451.6068292
6376;14451.6068292
6378;14451.6068292
6380;14451.6068292
6382;14451.6068292
6384;14451.6068292
6386;14451.6068292
6388;14451.6068292
6390;14451.6068292
6392;14451.6068292
6394;14451.6068292
6396;14451.6068292
6398;14451.6068292
6400;14451.6068292
6402;14451.6068292
6404;14451.6068292
6406;14451.6068292
6408;14451.6068292
6410;14451.6068292
6412;14451.6068292
6414;14451.6068292
6416;14451.6068292
6418;14451.6068292
6420;14451.6068292
6422;14451.6068292
6424;14451.6068292
6426;14451.6068292
6428;14451.6068292
6430;14451.6068292
6432;14451.6068292
6434;14451.6068292
6436;14451.6068292
6438;14451.6068292
6440;14451.6068292
6442;14451.6068292
6444;14451.6068292
6446;14451.6068292
6448;14451.6068292
6450;14451.6068292
6452;14451.6068292
6454;14451.6068292
6456;14451.6068292
6458;14451.6068292
6460;14451.6068292
6462;14451.6068292
6464;14451.6068292
6466;14451.6068292
6468;14451.6068292
6470;14451.6068292
6472;14451.6068292
6474;14451.6068292
6476;14451.6068292
6478;14451.6068292
6480;14451.6068292
6482;14451.6068292
6484;14451.6068292
6486;14451.6068292
6488;14451.6068292
6490;14451.6068292
6492;14451.6068292
6494;14451.6068292
6496;14451.6068292
6498;14451.6068292
6500;14451.6068292
6502;14451.6068292
6504;14451.6068292
6506;14451.6068292
6508;14451.6068292
6510;14451.6068292
6512;14451.6068292
6514;14451.6068292
6516;14451.6068292
6518;14451.6068292
6520;14451.6068292
6522;14451.6068292
6524;14451.6068292
6526;14451.6068292
6528;14451.6068292
6530;14451.6068292
6532;14451.6068292
6534;14451.6068292
6536;14451.6068292
6538;14451.6068292
6540;14451.6068292
6542;14451.6068292
6544;14451.6068292
6546;14451.6068292
6548;14451.6068292
6550;14451.6068292
6552;14451.6068292
6554;14451.6068292
6556;14451.6068292
6558;14451.6068292
6560;14451.6068292
6562;14451.6068292
6564;14451.6068292
6566;14451.6068292
6568;14451.6068292
6570;14451.6068292
6572;14451.6068292
6574;14451.6068292
6576;14451.6068292
6578;14451.6068292
6580;14451.6068292
6582;14451.6068292
6584;14451.6068292
6586;14451.6068292
6588;14451.6068292
6590;14451.6068292
6592;14451.6068292
6594;14451.6068292
6596;14451.6068292
6598;14451.6068292
6600;14451.6068292
6602;14451.6068292
6604;14451.6068292
6606;14451.6068292
6608;14451.6068292
6610;14451.6068292
6612;14451.6068292
6614;14451.6068292
6616;14451.6068292
6618;14451.6068292
6620;14451.6068292
6622;14451.6068292
6624;14451.6068292
6626;14451.6068292
6628;14451.6068292
6630;14451.6068292
6632;14451.6068292
6634;14451.6068292
6636;14451.6068292
6638;14451.6068292
6640;14451.6068292
6642;14451.6068292
6644;14451.6068292
6646;14451.6068292
6648;14451.6068292
6650;14451.6068292
6652;14451.6068292
6654;14451.6068292
6656;14451.6068292
6658;14451.6068292
6660;14451.6068292
6662;14451.6068292
6664;14451.6068292
6666;14451.6068292
6668;14451.6068292
6670;14451.6068292
6672;14451.6068292
6674;14451.6068292
6676;14451.6068292
6678;14451.6068292
6680;14451.6068292
6682;14451.6068292
6684;14451.6068292
6686;14451.6068292
6688;14451.6068292
6690;14451.6068292
6692;14451.6068292
6694;14451.6068292
6696;14451.6068292
6698;14451.6068292
6700;14451.6068292
6702;14451.6068292
6704;14451.6068292
6706;14451.6068292
6708;14451.6068292
6710;14451.6068292
6712;14451.6068292
6714;14451.6068292
6716;14451.6068292
6718;14451.6068292
6720;14451.6068292
6722;14451.6068292
6724;14451.6068292
6726;14451.6068292
6728;14451.6068292
6730;14451.6068292
6732;14451.6068292
6734;14451.6068292
6736;14451.6068292
6738;14451.6068292
6740;14451.6068292
6742;14451.6068292
6744;14451.6068292
6746;14451.6068292
6748;14451.6068292
6750;14451.6068292
6752;14451.6068292
6754;14451.6068292
6756;14451.6068292
6758;14451.6068292
6760;14451.6068292
6762;14451.6068292
6764;14451.6068292
6766;14451.6068292
6768;14451.6068292
6770;14451.6068292
6772;14451.6068292
6774;14451.6068292
6776;14451.6068292
6778;14451.6068292
6780;14451.6068292
6782;14451.6068292
6784;14451.6068292
6786;14451.6068292
6788;14451.6068292
6790;14451.6068292
6792;14451.6068292
6794;14451.6068292
6796;14451.6068292
6798;14451.6068292
6800;14451.6068292
6802;14451.6068292
6804;14451.6068292
6806;14451.6068292
6808;14451.6068292
6810;14451.6068292
6812;14451.6068292
6814;14451.6068292
6816;14451.6068292
6818;14451.6068292
6820;14451.6068292
6822;14451.6068292
6824;14451.6068292
6826;14451.6068292
6828;14451.6068292
6830;14451.6068292
6832;14451.6068292
6834;14451.6068292
6836;14451.6068292
6838;14451.6068292
6840;14451.6068292
6842;14451.6068292
6844;14451.6068292
6846;14451.6068292
6848;14451.6068292
6850;14451.6068292
6852;14451.6068292
6854;14451.6068292
6856;14451.6068292
6858;14451.6068292
6860;14451.6068292
6862;14451.6068292
6864;14451.6068292
6866;14451.6068292
6868;14451.6068292
6870;14451.6068292
6872;14451.6068292
6874;14451.6068292
6876;14451.6068292
6878;14451.6068292
6880;14451.6068292
6882;14451.6068292
6884;14451.6068292
6886;14451.6068292
6888;14451.6068292
6890;14451.6068292
6892;14451.6068292
6894;14451.6068292
6896;14451.6068292
6898;14451.6068292
6900;14451.6068292
6902;14451.6068292
6904;14451.6068292
6906;14451.6068292
6908;14451.6068292
6910;14451.6068292
6912;14451.6068292
6914;14451.6068292
6916;14451.6068292
6918;14451.6068292
6920;14451.6068292
6922;14451.6068292
6924;14451.6068292
6926;14451.6068292
6928;14451.6068292
6930;14451.6068292
6932;14451.6068292
6934;14451.6068292
6936;14451.6068292
6938;14451.6068292
6940;14451.6068292
6942;14451.6068292
6944;14451.6068292
6946;14451.6068292
6948;14451.6068292
6950;14451.6068292
6952;14451.6068292
6954;14451.6068292
6956;14451.6068292
6958;14451.6068292
6960;14451.6068292
6962;14451.6068292
6964;14451.6068292
6966;14451.6068292
6968;14451.6068292
6970;14451.6068292
6972;14451.6068292
6974;14451.6068292
6976;14451.6068292
6978;14451.6068292
6980;14451.6068292
6982;14451.6068292
6984;14451.6068292
6986;14451.6068292
6988;14451.6068292
6990;14451.6068292
6992;14451.6068292
6994;14451.6068292
6996;14451.6068292
6998;14451.6068292
7000;14451.6068292
7002;14451.6068292
7004;14451.6068292
7006;14451.6068292
7008;14451.6068292
7010;14451.6068292
7012;14451.6068292
7014;14451.6068292
7016;14451.6068292
7018;14451.6068292
7020;14451.6068292
7022;14451.6068292
7024;14451.6068292
7026;14451.6068292
7028;14451.6068292
7030;14451.6068292
7032;14451.6068292
7034;14451.6068292
7036;14451.6068292
7038;14451.6068292
7040;14451.6068292
7042;14451.6068292
7044;14451.6068292
7046;14451.6068292
7048;14451.6068292
7050;14451.6068292
7052;14451.6068292
7054;14451.6068292
7056;14451.6068292
7058;14451.6068292
7060;14451.6068292
7062;14451.6068292
7064;14451.6068292
7066;14451.6068292
7068;14451.6068292
7070;14451.6068292
7072;14451.6068292
7074;14451.6068292
7076;14451.6068292
7078;14451.6068292
7080;14451.6068292
7082;14451.6068292
7084;14451.6068292
7086;14451.6068292
7088;14451.6068292
7090;14451.6068292
7092;14451.6068292
7094;14451.6068292
7096;14451.6068292
7098;14451.6068292
7100;14451.6068292
7102;14451.6068292
7104;14451.6068292
7106;14451.6068292
7108;14451.6068292
7110;14451.6068292
7112;14451.6068292
7114;14451.6068292
7116;14451.6068292
7118;14451.6068292
7120;14451.6068292
7122;14451.6068292
7124;14451.6068292
7126;14451.6068292
7128;14451.6068292
7130;14451.6068292
7132;14451.6068292
7134;14451.6068292
7136;14451.6068292
7138;14451.6068292
7140;14451.6068292
7142;14451.6068292
7144;14451.6068292
7146;14451.6068292
7148;14451.6068292
7150;14451.6068292
7152;14451.6068292
7154;14451.6068292
7156;14451.6068292
7158;14451.6068292
7160;14451.6068292
7162;14451.6068292
7164;14451.6068292
7166;14451.6068292
7168;14451.6068292
7170;14451.6068292
7172;14451.6068292
7174;14451.6068292
7176;14451.6068292
7178;14451.6068292
7180;14451.6068292
7182;14451.6068292
7184;14451.6068292
7186;14451.6068292
7188;14451.6068292
7190;14451.6068292
7192;14451.6068292
7194;14451.6068292
7196;14451.6068292
7198;14451.6068292
7200;14451.6068292
7202;14451.6068292
7204;14451.6068292
7206;14451.6068292
7208;14451.6068292
7210;14451.6068292
7212;14451.6068292
7214;14451.6068292
7216;14451.6068292
7218;14451.6068292
7220;14451.6068292
7222;14451.6068292
7224;14451.6068292
7226;14451.6068292
7228;14451.6068292
7230;14451.6068292
7232;14451.6068292
7234;14451.6068292
7236;14451.6068292
7238;14451.6068292
7240;14451.6068292
7242;14451.6068292
7244;14451.6068292
7246;14451.6068292
7248;14451.6068292
7250;14451.6068292
7252;14451.6068292
7254;14451.6068292
7256;14451.6068292
7258;14451.6068292
7260;14451.6068292
7262;14451.6068292
7264;14451.6068292
7266;14451.6068292
7268;14451.6068292
7270;14451.6068292
7272;14451.6068292
7274;14451.6068292
7276;14451.6068292
7278;14451.6068292
7280;14451.6068292
7282;14451.6068292
7284;14451.6068292
7286;14451.6068292
7288;14451.6068292
7290;14451.6068292
7292;14451.6068292
7294;14451.6068292
7296;14451.6068292
7298;14451.6068292
7300;14451.6068292
7302;14451.6068292
7304;14451.6068292
7306;14451.6068292
7308;14451.6068292
7310;14451.6068292
7312;14451.6068292
7314;14451.6068292
7316;14451.6068292
7318;14451.6068292
7320;14451.6068292
7322;14451.6068292
7324;14451.6068292
7326;14451.6068292
7328;14451.6068292
7330;14451.6068292
7332;14451.6068292
7334;14451.6068292
7336;14451.6068292
7338;14451.6068292
7340;14451.6068292
7342;14451.6068292
7344;14451.6068292
7346;14451.6068292
7348;14451.6068292
7350;14451.6068292
7352;14451.6068292
7354;14451.6068292
7356;14451.6068292
7358;14451.6068292
7360;14451.6068292
7362;14451.6068292
7364;14451.6068292
7366;14451.6068292
7368;14451.6068292
7370;14451.6068292
7372;14451.6068292
7374;14451.6068292
7376;14451.6068292
7378;14451.6068292
7380;14451.6068292
7382;14451.6068292
7384;14451.6068292
7386;14451.6068292
7388;14451.6068292
7390;14451.6068292
7392;14451.6068292
7394;14451.6068292
7396;14451.6068292
7398;14451.6068292
7400;14451.6068292
7402;14451.6068292
7404;14451.6068292
7406;14451.6068292
7408;14451.6068292
7410;14451.6068292
7412;14451.6068292
7414;14451.6068292
7416;14451.6068292
7418;14451.6068292
7420;14451.6068292
7422;14451.6068292
7424;14451.6068292
7426;14451.6068292
7428;14451.6068292
7430;14451.6068292
7432;14451.6068292
7434;14451.6068292
7436;14451.6068292
7438;14451.6068292
7440;14451.6068292
7442;14451.6068292
7444;14451.6068292
7446;14451.6068292
7448;14451.6068292
7450;14451.6068292
7452;14451.6068292
7454;14451.6068292
7456;14451.6068292
7458;14451.6068292
7460;14451.6068292
7462;14451.6068292
7464;14451.6068292
7466;14451.6068292
7468;14451.6068292
7470;14451.6068292
7472;14451.6068292
7474;14451.6068292
7476;14451.6068292
7478;14451.6068292
7480;14451.6068292
7482;14451.6068292
7484;14451.6068292
7486;14451.6068292
7488;14451.6068292
7490;14451.6068292
7492;14451.6068292
7494;14451.6068292
7496;14451.6068292
7498;14451.6068292
7500;14451.6068292
7502;14451.6068292
7504;14451.6068292
7506;14451.6068292
7508;14451.6068292
7510;14451.6068292
7512;14451.6068292
7514;14451.6068292
7516;14451.6068292
7518;14451.6068292
7520;14451.6068292
7522;14451.6068292
7524;14451.6068292
7526;14451.6068292
7528;14451.6068292
7530;14451.6068292
7532;14451.6068292
7534;14451.6068292
7536;14451.6068292
7538;14451.6068292
7540;14451.6068292
7542;14451.6068292
7544;14451.6068292
7546;14451.6068292
7548;14451.6068292
7550;14451.6068292
7552;14451.6068292
7554;14451.6068292
7556;14451.6068292
7558;14451.6068292
7560;14451.6068292
7562;14451.6068292
7564;14451.6068292
7566;14451.6068292
7568;14451.6068292
7570;14451.6068292
7572;14451.6068292
7574;14451.6068292
7576;14451.6068292
7578;14451.6068292
7580;14451.6068292
7582;14451.6068292
7584;14451.6068292
7586;14451.6068292
7588;14451.6068292
7590;14451.6068292
7592;14451.6068292
7594;14451.6068292
7596;14451.6068292
7598;14451.6068292
7600;14451.6068292
7602;14451.6068292
7604;14451.6068292
7606;14451.6068292
7608;14451.6068292
7610;14451.6068292
7612;14451.6068292
7614;14451.6068292
7616;14451.6068292
7618;14451.6068292
7620;14451.6068292
7622;14451.6068292
7624;14451.6068292
7626;14451.6068292
7628;14451.6068292
7630;14451.6068292
7632;14451.6068292
7634;14451.6068292
7636;14451.6068292
7638;14451.6068292
7640;14451.6068292
7642;14451.6068292
7644;14451.6068292
7646;14451.6068292
7648;14451.6068292
7650;14451.6068292
7652;14451.6068292
7654;14451.6068292
7656;14451.6068292
7658;14451.6068292
7660;14451.6068292
7662;14451.6068292
7664;14451.6068292
7666;14451.6068292
7668;14451.6068292
7670;14451.6068292
7672;14451.6068292
7674;14451.6068292
7676;14451.6068292
7678;14451.6068292
7680;14451.6068292
7682;14451.6068292
7684;14451.6068292
7686;14451.6068292
7688;14451.6068292
7690;14451.6068292
7692;14451.6068292
7694;14451.6068292
7696;14451.6068292
7698;14451.6068292
7700;14451.6068292
7702;14451.6068292
7704;14451.6068292
7706;14451.6068292
7708;14451.6068292
7710;14451.6068292
7712;14451.6068292
7714;14451.6068292
7716;14451.6068292
7718;14451.6068292
7720;14451.6068292
7722;14451.6068292
7724;14451.6068292
7726;14451.6068292
7728;14451.6068292
7730;14451.6068292
7732;14451.6068292
7734;14451.6068292
7736;14451.6068292
7738;14451.6068292
7740;14451.6068292
7742;14451.6068292
7744;14451.6068292
7746;14451.6068292
7748;14451.6068292
7750;14451.6068292
7752;14451.6068292
7754;14451.6068292
7756;14451.6068292
7758;14451.6068292
7760;14451.6068292
7762;14451.6068292
7764;14451.6068292
7766;14451.6068292
7768;14451.6068292
7770;14451.6068292
7772;14451.6068292
7774;14451.6068292
7776;14451.6068292
7778;14451.6068292
7780;14451.6068292
7782;14451.6068292
7784;14451.6068292
7786;14451.6068292
7788;14451.6068292
7790;14451.6068292
7792;14451.6068292
7794;14451.6068292
7796;14451.6068292
7798;14451.6068292
7800;14451.6068292
7802;14451.6068292
7804;14451.6068292
7806;14451.6068292
7808;14451.6068292
7810;14451.6068292
7812;14451.6068292
7814;14451.6068292
7816;14451.6068292
7818;14451.6068292
7820;14451.6068292
7822;14451.6068292
7824;14451.6068292
7826;14451.6068292
7828;14451.6068292
7830;14451.6068292
7832;14451.6068292
7834;14451.6068292
7836;14451.6068292
7838;14451.6068292
7840;14451.6068292
7842;14451.6068292
7844;14451.6068292
7846;14451.6068292
7848;14451.6068292
7850;14451.6068292
7852;14451.6068292
7854;14451.6068292
7856;14451.6068292
7858;14451.6068292
7860;14451.6068292
7862;14451.6068292
7864;14451.6068292
7866;14451.6068292
7868;14451.6068292
7870;14451.6068292
7872;14451.6068292
7874;14451.6068292
7876;14451.6068292
7878;14451.6068292
7880;14451.6068292
7882;14451.6068292
7884;14451.6068292
7886;14451.6068292
7888;14451.6068292
7890;14451.6068292
7892;14451.6068292
7894;14451.6068292
7896;14451.6068292
7898;14451.6068292
7900;14451.6068292
7902;14451.6068292
7904;14451.6068292
7906;14451.6068292
7908;14451.6068292
7910;14451.6068292
7912;14451.6068292
7914;14451.6068292
7916;14451.6068292
7918;14451.6068292
7920;14451.6068292
7922;14451.6068292
7924;14451.6068292
7926;14451.6068292
7928;14451.6068292
7930;14451.6068292
7932;14451.6068292
7934;14451.6068292
7936;14451.6068292
7938;14451.6068292
7940;14451.6068292
7942;14451.6068292
7944;14451.6068292
7946;14451.6068292
7948;14451.6068292
7950;14451.6068292
7952;14451.6068292
7954;14451.6068292
7956;14451.6068292
7958;14451.6068292
7960;14451.6068292
7962;14451.6068292
7964;14451.6068292
7966;14451.6068292
7968;14451.6068292
7970;14451.6068292
7972;14451.6068292
7974;14451.6068292
7976;14451.6068292
7978;14451.6068292
7980;14451.6068292
7982;14451.6068292
7984;14451.6068292
7986;14451.6068292
7988;14451.6068292
7990;14451.6068292
7992;14451.6068292
7994;14451.6068292
7996;14451.6068292
7998;14451.6068292
