0;23839.5522019
2;23839.5522019
4;23825.5348618
6;22811.7359676
8;22811.7359676
10;22811.7359676
12;22051.9784464
14;22051.9784464
16;22051.9784464
18;22002.1853223
20;22002.1853223
22;22002.1853223
24;22002.1853223
26;22002.1853223
28;22002.1853223
30;22002.1853223
32;21680.403749
34;21680.403749
36;21680.403749
38;21680.403749
40;21680.403749
42;21680.403749
44;21680.403749
46;21680.403749
48;21680.403749
50;21680.403749
52;21680.403749
54;21680.403749
56;21680.403749
58;21680.403749
60;21680.403749
62;21680.403749
64;21680.403749
66;21680.403749
68;21680.403749
70;21441.5512943
72;21438.0037085
74;21438.0037085
76;21438.0037085
78;21154.7922706
80;21154.7922706
82;21154.7922706
84;21154.7922706
86;21154.7922706
88;21154.7922706
90;21154.7922706
92;21154.7922706
94;21154.7922706
96;21154.7922706
98;21154.7922706
100;21154.7922706
102;21154.7922706
104;21154.7922706
106;21154.7922706
108;21154.7922706
110;19840.530493
112;19840.530493
114;19840.530493
116;19840.530493
118;19840.530493
120;19840.530493
122;19840.530493
124;19840.530493
126;19840.530493
128;19840.530493
130;19840.530493
132;19840.530493
134;19840.530493
136;19840.530493
138;19840.530493
140;19840.530493
142;19840.530493
144;19840.530493
146;19840.530493
148;19840.530493
150;19840.530493
152;19840.530493
154;19209.4235981
156;19209.4235981
158;19209.4235981
160;19209.4235981
162;19209.4235981
164;19209.4235981
166;19209.4235981
168;19209.4235981
170;19209.4235981
172;19209.4235981
174;19209.4235981
176;19209.4235981
178;19209.4235981
180;19209.4235981
182;19209.4235981
184;19209.4235981
186;19209.4235981
188;19209.4235981
190;19209.4235981
192;19209.4235981
194;19209.4235981
196;19209.4235981
198;19209.4235981
200;19209.4235981
202;19209.4235981
204;18067.2839696
206;18067.2839696
208;18067.2839696
210;18067.2839696
212;18067.2839696
214;18067.2839696
216;18067.2839696
218;18067.2839696
220;18067.2839696
222;18067.2839696
224;18067.2839696
226;18067.2839696
228;18067.2839696
230;18067.2839696
232;18067.2839696
234;18067.2839696
236;18067.2839696
238;18067.2839696
240;18067.2839696
242;18067.2839696
244;18067.2839696
246;18067.2839696
248;18067.2839696
250;18067.2839696
252;18067.2839696
254;18067.2839696
256;18067.2839696
258;18067.2839696
260;18067.2839696
262;18067.2839696
264;18067.2839696
266;18067.2839696
268;18067.2839696
270;18067.2839696
272;18067.2839696
274;18067.2839696
276;18067.2839696
278;18067.2839696
280;18067.2839696
282;18067.2839696
284;18067.2839696
286;18067.2839696
288;18067.2839696
290;17918.2883986
292;17918.2883986
294;17918.2883986
296;17918.2883986
298;17918.2883986
300;17918.2883986
302;17918.2883986
304;17918.2883986
306;17918.2883986
308;17918.2883986
310;17918.2883986
312;17918.2883986
314;17918.2883986
316;17918.2883986
318;17918.2883986
320;17918.2883986
322;17918.2883986
324;17918.2883986
326;17567.9574614
328;17395.6052926
330;17395.6052926
332;17395.6052926
334;17395.6052926
336;17395.6052926
338;17395.6052926
340;17395.6052926
342;17395.6052926
344;17395.6052926
346;17395.6052926
348;17395.6052926
350;17395.6052926
352;17395.6052926
354;17109.313793
356;17109.313793
358;17109.313793
360;17109.313793
362;16984.4115727
364;16771.0052777
366;16771.0052777
368;16771.0052777
370;16771.0052777
372;16771.0052777
374;16771.0052777
376;16771.0052777
378;16771.0052777
380;16771.0052777
382;16771.0052777
384;16771.0052777
386;16771.0052777
388;16771.0052777
390;16640.0105132
392;16618.4288967
394;16618.4288967
396;16618.4288967
398;16013.7574601
400;16013.7574601
402;16013.7574601
404;16013.7574601
406;16013.7574601
408;16013.7574601
410;16013.7574601
412;16013.7574601
414;15903.9039048
416;15903.9039048
418;15903.9039048
420;15903.9039048
422;15903.9039048
424;15866.3803636
426;15441.3937666
428;15441.3937666
430;15441.3937666
432;15441.3937666
434;15441.3937666
436;15441.3937666
438;15441.3937666
440;15441.3937666
442;15441.3937666
444;15441.3937666
446;15441.3937666
448;15441.3937666
450;15441.3937666
452;15441.3937666
454;15441.3937666
456;15441.3937666
458;15441.3937666
460;15441.3937666
462;15441.3937666
464;15441.3937666
466;15441.3937666
468;15441.3937666
470;15441.3937666
472;15441.3937666
474;15350.4168044
476;15350.4168044
478;15350.4168044
480;15350.4168044
482;15350.4168044
484;15350.4168044
486;15350.4168044
488;15350.4168044
490;15350.4168044
492;15303.082008
494;15303.082008
496;15302.4117031
498;15302.4117031
500;14901.9086971
502;14901.9086971
504;14901.9086971
506;14901.9086971
508;14901.9086971
510;14901.9086971
512;14901.9086971
514;14901.9086971
516;14901.9086971
518;14901.9086971
520;14763.0347378
522;14763.0347378
524;14763.0347378
526;14763.0347378
528;14763.0347378
530;14763.0347378
532;14763.0347378
534;14763.0347378
536;14763.0347378
538;14763.0347378
540;14713.7853885
542;14713.7853885
544;14713.7853885
546;14713.7853885
548;14713.7853885
550;14713.7853885
552;14395.398466
554;14395.398466
556;14395.398466
558;14395.398466
560;14395.398466
562;14395.398466
564;14395.398466
566;14395.398466
568;14395.398466
570;14395.398466
572;14395.398466
574;14370.2659756
576;14370.2659756
578;14370.2659756
580;14313.2605709
582;14313.2605709
584;14313.2605709
586;14279.977051
588;14279.977051
590;14273.4682179
592;14273.4682179
594;14273.4682179
596;14273.4682179
598;14022.0619536
600;13912.7235158
602;13912.7235158
604;13912.7235158
606;13912.7235158
608;13912.7235158
610;13912.7235158
612;13912.7235158
614;13912.7235158
616;13912.7235158
618;13912.7235158
620;13912.7235158
622;13910.7730179
624;13910.7730179
626;13910.7730179
628;13910.7730179
630;13822.5070855
632;13822.5070855
634;13822.5070855
636;13822.5070855
638;13822.5070855
640;13822.5070855
642;13822.5070855
644;13822.5070855
646;13822.5070855
648;13822.5070855
650;13796.4496106
652;13796.4496106
654;13781.6139647
656;13781.6139647
658;13781.6139647
660;13781.6139647
662;13781.6139647
664;13781.6139647
666;13781.6139647
668;13758.6692128
670;13758.6692128
672;13758.6692128
674;13758.6692128
676;13758.6692128
678;13758.6692128
680;13661.4986616
682;13661.4986616
684;13661.4986616
686;13661.4986616
688;13661.4986616
690;13661.4986616
692;13661.4986616
694;13661.4986616
696;13661.4986616
698;13661.4986616
700;13661.4986616
702;13661.4986616
704;13661.4986616
706;13573.2327292
708;13573.2327292
710;13573.2327292
712;13573.2327292
714;13536.8028929
716;13535.4523315
718;13535.4523315
720;13535.4523315
722;13535.4523315
724;13535.4523315
726;13482.6282248
728;13482.6282248
730;13482.6282248
732;13482.6282248
734;13482.6282248
736;13482.6282248
738;13467.7925789
740;13418.9643949
742;13418.9643949
744;13418.9643949
746;13418.9643949
748;13418.9643949
750;13397.9359729
752;13397.9359729
754;13397.9359729
756;13397.9359729
758;13397.9359729
760;13397.9359729
762;13374.9694404
764;13326.5977022
766;13326.5977022
768;13326.5977022
770;13326.5977022
772;13326.5977022
774;13326.5977022
776;13326.5977022
778;13326.5977022
780;13326.5977022
782;13326.5977022
784;13326.5977022
786;13326.5977022
788;13326.5977022
790;13326.5977022
792;13326.5977022
794;13326.5977022
796;13239.8108033
798;13239.8108033
800;13239.8108033
802;13239.8108033
804;13239.8108033
806;13239.8108033
808;13239.8108033
810;13239.8108033
812;13239.8108033
814;13239.8108033
816;13239.8108033
818;13239.8108033
820;13239.8108033
822;13239.8108033
824;13239.8108033
826;13239.8108033
828;13239.8108033
830;13239.8108033
832;13239.8108033
834;13239.8108033
836;13239.8108033
838;13239.8108033
840;13239.8108033
842;13239.8108033
844;13239.8108033
846;13239.8108033
848;13239.8108033
850;13239.8108033
852;13239.8108033
854;13239.8108033
856;13239.8108033
858;13239.8108033
860;13239.8108033
862;13239.8108033
864;13239.8108033
866;13239.8108033
868;13239.8108033
870;13239.8108033
872;13239.8108033
874;13239.8108033
876;13239.8108033
878;13239.8108033
880;13239.8108033
882;13239.8108033
884;13239.8108033
886;13239.8108033
888;13239.8108033
890;13239.8108033
892;13239.8108033
894;13239.8108033
896;13239.8108033
898;13239.8108033
900;12971.805123
902;12971.805123
904;12971.805123
906;12971.805123
908;12971.805123
910;12971.805123
912;12971.805123
914;12971.805123
916;12971.805123
918;12971.805123
920;12971.805123
922;12971.805123
924;12971.805123
926;12971.805123
928;12971.805123
930;12971.805123
932;12971.805123
934;12971.805123
936;12971.805123
938;12971.805123
940;12971.805123
942;12971.805123
944;12971.805123
946;12971.805123
948;12971.805123
950;12971.805123
952;12971.805123
954;12971.805123
956;12971.805123
958;12971.805123
960;12971.805123
962;12971.805123
964;12971.805123
966;12971.805123
968;12971.805123
970;12971.805123
972;12971.805123
974;12971.805123
976;12971.805123
978;12971.805123
980;12971.805123
982;12971.805123
984;12971.805123
986;12971.805123
988;12971.805123
990;12971.805123
992;12971.805123
994;12971.805123
996;12971.805123
998;12971.805123
1000;12971.805123
1002;12971.805123
1004;12971.805123
1006;12971.805123
1008;12971.805123
1010;12971.805123
1012;12971.805123
1014;12971.805123
1016;12971.805123
1018;12971.805123
1020;12971.805123
1022;12971.805123
1024;12971.805123
1026;12971.805123
1028;12971.805123
1030;12971.805123
1032;12971.805123
1034;12971.805123
1036;12971.805123
1038;12971.805123
1040;12971.805123
1042;12971.805123
1044;12971.805123
1046;12971.805123
1048;12971.805123
1050;12971.805123
1052;12971.805123
1054;12971.805123
1056;12971.805123
1058;12971.805123
1060;12971.805123
1062;12971.805123
1064;12971.805123
1066;12971.805123
1068;12971.805123
1070;12971.805123
1072;12971.805123
1074;12971.805123
1076;12971.805123
1078;12971.805123
1080;12971.805123
1082;12971.805123
1084;12971.805123
1086;12971.805123
1088;12971.805123
1090;12971.805123
1092;12971.805123
1094;12971.805123
1096;12971.805123
1098;12971.805123
1100;12971.805123
1102;12971.805123
1104;12971.805123
1106;12971.805123
1108;12971.805123
1110;12971.805123
1112;12971.805123
1114;12971.805123
1116;12971.805123
1118;12971.805123
1120;12971.805123
1122;12971.805123
1124;12971.805123
1126;12971.805123
1128;12971.805123
1130;12971.805123
1132;12971.805123
1134;12971.805123
1136;12971.805123
1138;12971.805123
1140;12971.805123
1142;12971.805123
1144;12971.805123
1146;12971.805123
1148;12971.805123
1150;12971.805123
1152;12971.805123
1154;12971.805123
1156;12971.805123
1158;12971.805123
1160;12971.805123
1162;12971.805123
1164;12971.805123
1166;12971.805123
1168;12971.805123
1170;12971.805123
1172;12971.805123
1174;12971.805123
1176;12971.805123
1178;12971.805123
1180;12971.805123
1182;12971.805123
1184;12971.805123
1186;12971.805123
1188;12971.805123
1190;12971.805123
1192;12971.805123
1194;12971.805123
1196;12971.805123
1198;12971.805123
1200;12971.805123
1202;12971.805123
1204;12971.805123
1206;12971.805123
1208;12971.805123
1210;12971.805123
1212;12971.805123
1214;12971.805123
1216;12971.805123
1218;12971.805123
1220;12971.805123
1222;12971.805123
1224;12971.805123
1226;12971.805123
1228;12971.805123
1230;12971.805123
1232;12971.805123
1234;12971.805123
1236;12971.805123
1238;12971.805123
1240;12971.805123
1242;12971.805123
1244;12971.805123
1246;12971.805123
1248;12971.805123
1250;12971.805123
1252;12971.805123
1254;12971.805123
1256;12971.805123
1258;12971.805123
1260;12971.805123
1262;12971.805123
1264;12971.805123
1266;12971.805123
1268;12971.805123
1270;12971.805123
1272;12971.805123
1274;12971.805123
1276;12971.805123
1278;12971.805123
1280;12971.805123
1282;12971.805123
1284;12971.805123
1286;12971.805123
1288;12971.805123
1290;12971.805123
1292;12971.805123
1294;12971.805123
1296;12971.805123
1298;12971.805123
1300;12971.805123
1302;12971.805123
1304;12971.805123
1306;12971.805123
1308;12971.805123
1310;12971.805123
1312;12971.805123
1314;12971.805123
1316;12971.805123
1318;12971.805123
1320;12955.1709534
1322;12955.1709534
1324;12955.1709534
1326;12955.1709534
1328;12955.1709534
1330;12955.1709534
1332;12955.1709534
1334;12955.1709534
1336;12955.1709534
1338;12955.1709534
1340;12955.1709534
1342;12955.1709534
1344;12955.1709534
1346;12955.1709534
1348;12955.1709534
1350;12955.1709534
1352;12955.1709534
1354;12955.1709534
1356;12955.1709534
1358;12955.1709534
1360;12955.1709534
1362;12955.1709534
1364;12955.1709534
1366;12955.1709534
1368;12955.1709534
1370;12955.1709534
1372;12955.1709534
1374;12955.1709534
1376;12955.1709534
1378;12955.1709534
1380;12955.1709534
1382;12955.1709534
1384;12955.1709534
1386;12955.1709534
1388;12955.1709534
1390;12955.1709534
1392;12955.1709534
1394;12955.1709534
1396;12955.1709534
1398;12955.1709534
1400;12955.1709534
1402;12955.1709534
1404;12955.1709534
1406;12955.1709534
1408;12955.1709534
1410;12955.1709534
1412;12955.1709534
1414;12955.1709534
1416;12955.1709534
1418;12955.1709534
1420;12955.1709534
1422;12955.1709534
1424;12955.1709534
1426;12955.1709534
1428;12955.1709534
1430;12955.1709534
1432;12955.1709534
1434;12955.1709534
1436;12955.1709534
1438;12955.1709534
1440;12955.1709534
1442;12955.1709534
1444;12955.1709534
1446;12955.1709534
1448;12955.1709534
1450;12955.1709534
1452;12955.1709534
1454;12955.1709534
1456;12955.1709534
1458;12955.1709534
1460;12955.1709534
1462;12955.1709534
1464;12955.1709534
1466;12955.1709534
1468;12955.1709534
1470;12955.1709534
1472;12955.1709534
1474;12955.1709534
1476;12955.1709534
1478;12955.1709534
1480;12955.1709534
1482;12955.1709534
1484;12955.1709534
1486;12955.1709534
1488;12955.1709534
1490;12955.1709534
1492;12955.1709534
1494;12955.1709534
1496;12955.1709534
1498;12955.1709534
1500;12955.1709534
1502;12955.1709534
1504;12955.1709534
1506;12955.1709534
1508;12955.1709534
1510;12955.1709534
1512;12955.1709534
1514;12955.1709534
1516;12955.1709534
1518;12955.1709534
1520;12955.1709534
1522;12955.1709534
1524;12955.1709534
1526;12955.1709534
1528;12955.1709534
1530;12933.1372478
1532;12933.1372478
1534;12933.1372478
1536;12933.1372478
1538;12933.1372478
1540;12933.1372478
1542;12933.1372478
1544;12933.1372478
1546;12933.1372478
1548;12933.1372478
1550;12933.1372478
1552;12933.1372478
1554;12933.1372478
1556;12933.1372478
1558;12933.1372478
1560;12933.1372478
1562;12933.1372478
1564;12933.1372478
1566;12933.1372478
1568;12933.1372478
1570;12933.1372478
1572;12933.1372478
1574;12933.1372478
1576;12933.1372478
1578;12933.1372478
1580;12933.1372478
1582;12933.1372478
1584;12933.1372478
1586;12933.1372478
1588;12933.1372478
1590;12933.1372478
1592;12933.1372478
1594;12933.1372478
1596;12933.1372478
1598;12933.1372478
1600;12933.1372478
1602;12933.1372478
1604;12933.1372478
1606;12933.1372478
1608;12933.1372478
1610;12933.1372478
1612;12933.1372478
1614;12933.1372478
1616;12933.1372478
1618;12933.1372478
1620;12933.1372478
1622;12933.1372478
1624;12933.1372478
1626;12933.1372478
1628;12933.1372478
1630;12933.1372478
1632;12933.1372478
1634;12933.1372478
1636;12933.1372478
1638;12933.1372478
1640;12933.1372478
1642;12933.1372478
1644;12933.1372478
1646;12933.1372478
1648;12933.1372478
1650;12933.1372478
1652;12933.1372478
1654;12933.1372478
1656;12933.1372478
1658;12914.6160171
1660;12914.6160171
1662;12914.6160171
1664;12914.6160171
1666;12914.6160171
1668;12914.6160171
1670;12914.6160171
1672;12914.6160171
1674;12914.6160171
1676;12914.6160171
1678;12914.6160171
1680;12914.6160171
1682;12914.6160171
1684;12914.6160171
1686;12914.6160171
1688;12914.6160171
1690;12914.6160171
1692;12892.5823115
1694;12892.5823115
1696;12892.5823115
1698;12892.5823115
1700;12892.5823115
1702;12892.5823115
1704;12892.5823115
1706;12892.5823115
1708;12892.5823115
1710;12892.5823115
1712;12892.5823115
1714;12892.5823115
1716;12892.5823115
1718;12892.5823115
1720;12892.5823115
1722;12892.5823115
1724;12892.5823115
1726;12892.5823115
1728;12892.5823115
1730;12892.5823115
1732;12892.5823115
1734;12892.5823115
1736;12892.5823115
1738;12892.5823115
1740;12892.5823115
1742;12892.5823115
1744;12892.5823115
1746;12892.5823115
1748;12881.4285017
1750;12881.4285017
1752;12881.4285017
1754;12881.4285017
1756;12881.4285017
1758;12881.4285017
1760;12881.4285017
1762;12881.4285017
1764;12881.4285017
1766;12881.4285017
1768;12874.7461487
1770;12874.7461487
1772;12874.7461487
1774;12874.7461487
1776;12874.7461487
1778;12874.7461487
1780;12874.7461487
1782;12874.7461487
1784;12874.7461487
1786;12874.7461487
1788;12874.7461487
1790;12863.5923389
1792;12863.5923389
1794;12863.5923389
1796;12863.5923389
1798;12863.5923389
1800;12863.5923389
1802;12863.5923389
1804;12863.5923389
1806;12863.5923389
1808;12863.5923389
1810;12863.5923389
1812;12863.5923389
1814;12863.5923389
1816;12863.5923389
1818;12863.5923389
1820;12863.5923389
1822;12863.5923389
1824;12863.5923389
1826;12863.5923389
1828;12863.5923389
1830;12863.5923389
1832;12863.5923389
1834;12863.5923389
1836;12863.5923389
1838;12863.5923389
1840;12863.5923389
1842;12863.5923389
1844;12863.5923389
1846;12863.5923389
1848;12863.5923389
1850;12863.5923389
1852;12863.5923389
1854;12863.5923389
1856;12863.5923389
1858;12863.5923389
1860;12863.5923389
1862;12863.5923389
1864;12863.5923389
1866;12863.5923389
1868;12863.5923389
1870;12863.5923389
1872;12863.5923389
1874;12863.5923389
1876;12863.5923389
1878;12863.5923389
1880;12863.5923389
1882;12863.5923389
1884;12863.5923389
1886;12863.5923389
1888;12863.5923389
1890;12863.5923389
1892;12863.5923389
1894;12863.5923389
1896;12863.5923389
1898;12863.5923389
1900;12863.5923389
1902;12863.5923389
1904;12863.5923389
1906;12863.5923389
1908;12863.5923389
1910;12863.5923389
1912;12863.5923389
1914;12863.5923389
1916;12863.5923389
1918;12863.5923389
1920;12863.5923389
1922;12863.5923389
1924;12863.5923389
1926;12863.5923389
1928;12863.5923389
1930;12863.5923389
1932;12863.5923389
1934;12863.5923389
1936;12863.5923389
1938;12863.5923389
1940;12863.5923389
1942;12863.5923389
1944;12863.5923389
1946;12863.5923389
1948;12863.5923389
1950;12863.5923389
1952;12863.5923389
1954;12863.5923389
1956;12863.5923389
1958;12863.5923389
1960;12863.5923389
1962;12863.5923389
1964;12863.5923389
1966;12863.5923389
1968;12863.5923389
1970;12863.5923389
1972;12863.5923389
1974;12863.5923389
1976;12863.5923389
1978;12863.5923389
1980;12863.5923389
1982;12863.5923389
1984;12863.5923389
1986;12863.5923389
1988;12863.5923389
1990;12863.5923389
1992;12863.5923389
1994;12863.5923389
1996;12863.5923389
1998;12863.5923389
2000;12863.5923389
2002;12863.5923389
2004;12863.5923389
2006;12863.5923389
2008;12863.5923389
2010;12863.5923389
2012;12863.5923389
2014;12863.5923389
2016;12863.5923389
2018;12863.5923389
2020;12863.5923389
2022;12863.5923389
2024;12863.5923389
2026;12863.5923389
2028;12863.5923389
2030;12863.5923389
2032;12863.5923389
2034;12863.5923389
2036;12863.5923389
2038;12863.5923389
2040;12863.5923389
2042;12863.5923389
2044;12863.5923389
2046;12863.5923389
2048;12863.5923389
2050;12863.5923389
2052;12863.5923389
2054;12863.5923389
2056;12863.5923389
2058;12863.5923389
2060;12863.5923389
2062;12863.5923389
2064;12863.5923389
2066;12863.5923389
2068;12863.5923389
2070;12863.5923389
2072;12863.5923389
2074;12863.5923389
2076;12863.5923389
2078;12863.5923389
2080;12863.5923389
2082;12863.5923389
2084;12863.5923389
2086;12863.5923389
2088;12863.5923389
2090;12863.5923389
2092;12863.5923389
2094;12863.5923389
2096;12863.5923389
2098;12863.5923389
2100;12863.5923389
2102;12863.5923389
2104;12863.5923389
2106;12863.5923389
2108;12863.5923389
2110;12863.5923389
2112;12863.5923389
2114;12863.5923389
2116;12863.5923389
2118;12863.5923389
2120;12863.5923389
2122;12863.5923389
2124;12863.5923389
2126;12863.5923389
2128;12863.5923389
2130;12863.5923389
2132;12863.5923389
2134;12863.5923389
2136;12863.5923389
2138;12863.5923389
2140;12863.5923389
2142;12863.5923389
2144;12863.5923389
2146;12863.5923389
2148;12863.5923389
2150;12863.5923389
2152;12863.5923389
2154;12863.5923389
2156;12863.5923389
2158;12863.5923389
2160;12863.5923389
2162;12863.5923389
2164;12863.5923389
2166;12863.5923389
2168;12863.5923389
2170;12863.5923389
2172;12863.5923389
2174;12863.5923389
2176;12863.5923389
2178;12863.5923389
2180;12863.5923389
2182;12863.5923389
2184;12863.5923389
2186;12863.5923389
2188;12863.5923389
2190;12863.5923389
2192;12863.5923389
2194;12863.5923389
2196;12863.5923389
2198;12863.5923389
2200;12863.5923389
2202;12863.5923389
2204;12863.5923389
2206;12863.5923389
2208;12863.5923389
2210;12863.5923389
2212;12863.5923389
2214;12863.5923389
2216;12863.5923389
2218;12863.5923389
2220;12863.5923389
2222;12863.5923389
2224;12863.5923389
2226;12863.5923389
2228;12863.5923389
2230;12863.5923389
2232;12863.5923389
2234;12863.5923389
2236;12863.5923389
2238;12863.5923389
2240;12863.5923389
2242;12863.5923389
2244;12863.5923389
2246;12863.5923389
2248;12863.5923389
2250;12863.5923389
2252;12863.5923389
2254;12863.5923389
2256;12863.5923389
2258;12863.5923389
2260;12863.5923389
2262;12863.5923389
2264;12863.5923389
2266;12863.5923389
2268;12863.5923389
2270;12863.5923389
2272;12863.5923389
2274;12863.5923389
2276;12863.5923389
2278;12863.5923389
2280;12863.5923389
2282;12863.5923389
2284;12863.5923389
2286;12863.5923389
2288;12863.5923389
2290;12863.5923389
2292;12863.5923389
2294;12863.5923389
2296;12863.5923389
2298;12863.5923389
2300;12863.5923389
2302;12863.5923389
2304;12863.5923389
2306;12863.5923389
2308;12863.5923389
2310;12863.5923389
2312;12863.5923389
2314;12863.5923389
2316;12863.5923389
2318;12863.5923389
2320;12863.5923389
2322;12863.5923389
2324;12863.5923389
2326;12863.5923389
2328;12863.5923389
2330;12863.5923389
2332;12863.5923389
2334;12863.5923389
2336;12863.5923389
2338;12863.5923389
2340;12863.5923389
2342;12863.5923389
2344;12863.5923389
2346;12863.5923389
2348;12863.5923389
2350;12863.5923389
2352;12863.5923389
2354;12863.5923389
2356;12863.5923389
2358;12863.5923389
2360;12863.5923389
2362;12863.5923389
2364;12863.5923389
2366;12863.5923389
2368;12863.5923389
2370;12863.5923389
2372;12863.5923389
2374;12863.5923389
2376;12863.5923389
2378;12863.5923389
2380;12863.5923389
2382;12863.5923389
2384;12863.5923389
2386;12863.5923389
2388;12863.5923389
2390;12863.5923389
2392;12863.5923389
2394;12863.5923389
2396;12863.5923389
2398;12863.5923389
2400;12863.5923389
2402;12863.5923389
2404;12863.5923389
2406;12863.5923389
2408;12863.5923389
2410;12863.5923389
2412;12863.5923389
2414;12863.5923389
2416;12863.5923389
2418;12863.5923389
2420;12863.5923389
2422;12863.5923389
2424;12863.5923389
2426;12863.5923389
2428;12863.5923389
2430;12863.5923389
2432;12863.5923389
2434;12863.5923389
2436;12863.5923389
2438;12863.5923389
2440;12863.5923389
2442;12863.5923389
2444;12863.5923389
2446;12863.5923389
2448;12863.5923389
2450;12863.5923389
2452;12863.5923389
2454;12863.5923389
2456;12863.5923389
2458;12863.5923389
2460;12863.5923389
2462;12863.5923389
2464;12863.5923389
2466;12863.5923389
2468;12863.5923389
2470;12863.5923389
2472;12863.5923389
2474;12863.5923389
2476;12863.5923389
2478;12863.5923389
2480;12863.5923389
2482;12863.5923389
2484;12863.5923389
2486;12863.5923389
2488;12863.5923389
2490;12863.5923389
2492;12863.5923389
2494;12863.5923389
2496;12863.5923389
2498;12863.5923389
2500;12863.5923389
2502;12863.5923389
2504;12863.5923389
2506;12863.5923389
2508;12863.5923389
2510;12863.5923389
2512;12863.5923389
2514;12863.5923389
2516;12863.5923389
2518;12863.5923389
2520;12863.5923389
2522;12863.5923389
2524;12863.5923389
2526;12863.5923389
2528;12863.5923389
2530;12863.5923389
2532;12863.5923389
2534;12863.5923389
2536;12863.5923389
2538;12863.5923389
2540;12863.5923389
2542;12863.5923389
2544;12863.5923389
2546;12863.5923389
2548;12863.5923389
2550;12863.5923389
2552;12863.5923389
2554;12863.5923389
2556;12863.5923389
2558;12863.5923389
2560;12863.5923389
2562;12863.5923389
2564;12863.5923389
2566;12863.5923389
2568;12863.5923389
2570;12863.5923389
2572;12863.5923389
2574;12863.5923389
2576;12863.5923389
2578;12863.5923389
2580;12863.5923389
2582;12863.5923389
2584;12863.5923389
2586;12863.5923389
2588;12863.5923389
2590;12863.5923389
2592;12863.5923389
2594;12863.5923389
2596;12863.5923389
2598;12863.5923389
2600;12863.5923389
2602;12863.5923389
2604;12863.5923389
2606;12863.5923389
2608;12863.5923389
2610;12863.5923389
2612;12863.5923389
2614;12863.5923389
2616;12863.5923389
2618;12863.5923389
2620;12863.5923389
2622;12863.5923389
2624;12863.5923389
2626;12863.5923389
2628;12863.5923389
2630;12863.5923389
2632;12863.5923389
2634;12863.5923389
2636;12863.5923389
2638;12863.5923389
2640;12863.5923389
2642;12863.5923389
2644;12863.5923389
2646;12863.5923389
2648;12863.5923389
2650;12863.5923389
2652;12863.5923389
2654;12863.5923389
2656;12863.5923389
2658;12863.5923389
2660;12863.5923389
2662;12863.5923389
2664;12863.5923389
2666;12863.5923389
2668;12863.5923389
2670;12863.5923389
2672;12863.5923389
2674;12863.5923389
2676;12863.5923389
2678;12863.5923389
2680;12863.5923389
2682;12863.5923389
2684;12863.5923389
2686;12863.5923389
2688;12863.5923389
2690;12863.5923389
2692;12863.5923389
2694;12863.5923389
2696;12863.5923389
2698;12863.5923389
2700;12863.5923389
2702;12863.5923389
2704;12863.5923389
2706;12863.5923389
2708;12863.5923389
2710;12863.5923389
2712;12863.5923389
2714;12863.5923389
2716;12863.5923389
2718;12863.5923389
2720;12863.5923389
2722;12863.5923389
2724;12863.5923389
2726;12863.5923389
2728;12863.5923389
2730;12863.5923389
2732;12863.5923389
2734;12863.5923389
2736;12863.5923389
2738;12863.5923389
2740;12863.5923389
2742;12863.5923389
2744;12863.5923389
2746;12863.5923389
2748;12863.5923389
2750;12863.5923389
2752;12863.5923389
2754;12863.5923389
2756;12863.5923389
2758;12863.5923389
2760;12863.5923389
2762;12863.5923389
2764;12863.5923389
2766;12863.5923389
2768;12863.5923389
2770;12863.5923389
2772;12863.5923389
2774;12863.5923389
2776;12863.5923389
2778;12863.5923389
2780;12863.5923389
2782;12863.5923389
2784;12863.5923389
2786;12863.5923389
2788;12863.5923389
2790;12863.5923389
2792;12863.5923389
2794;12863.5923389
2796;12863.5923389
2798;12863.5923389
2800;12863.5923389
2802;12863.5923389
2804;12863.5923389
2806;12863.5923389
2808;12863.5923389
2810;12863.5923389
2812;12863.5923389
2814;12863.5923389
2816;12863.5923389
2818;12863.5923389
2820;12863.5923389
2822;12863.5923389
2824;12863.5923389
2826;12863.5923389
2828;12863.5923389
2830;12863.5923389
2832;12863.5923389
2834;12863.5923389
2836;12863.5923389
2838;12863.5923389
2840;12863.5923389
2842;12863.5923389
2844;12863.5923389
2846;12863.5923389
2848;12863.5923389
2850;12863.5923389
2852;12863.5923389
2854;12863.5923389
2856;12863.5923389
2858;12863.5923389
2860;12863.5923389
2862;12863.5923389
2864;12863.5923389
2866;12863.5923389
2868;12863.5923389
2870;12863.5923389
2872;12863.5923389
2874;12863.5923389
2876;12863.5923389
2878;12863.5923389
2880;12863.5923389
2882;12863.5923389
2884;12863.5923389
2886;12863.5923389
2888;12863.5923389
2890;12863.5923389
2892;12863.5923389
2894;12863.5923389
2896;12863.5923389
2898;12863.5923389
2900;12863.5923389
2902;12863.5923389
2904;12863.5923389
2906;12863.5923389
2908;12863.5923389
2910;12863.5923389
2912;12863.5923389
2914;12863.5923389
2916;12863.5923389
2918;12863.5923389
2920;12863.5923389
2922;12863.5923389
2924;12863.5923389
2926;12863.5923389
2928;12863.5923389
2930;12863.5923389
2932;12863.5923389
2934;12863.5923389
2936;12863.5923389
2938;12863.5923389
2940;12863.5923389
2942;12863.5923389
2944;12863.5923389
2946;12863.5923389
2948;12863.5923389
2950;12863.5923389
2952;12863.5923389
2954;12863.5923389
2956;12863.5923389
2958;12863.5923389
2960;12863.5923389
2962;12863.5923389
2964;12863.5923389
2966;12863.5923389
2968;12863.5923389
2970;12863.5923389
2972;12863.5923389
2974;12863.5923389
2976;12863.5923389
2978;12863.5923389
2980;12863.5923389
2982;12863.5923389
2984;12863.5923389
2986;12863.5923389
2988;12863.5923389
2990;12863.5923389
2992;12863.5923389
2994;12863.5923389
2996;12863.5923389
2998;12863.5923389
3000;12863.5923389
3002;12863.5923389
3004;12863.5923389
3006;12863.5923389
3008;12863.5923389
3010;12863.5923389
3012;12863.5923389
3014;12863.5923389
3016;12863.5923389
3018;12863.5923389
3020;12863.5923389
3022;12863.5923389
3024;12863.5923389
3026;12863.5923389
3028;12863.5923389
3030;12863.5923389
3032;12863.5923389
3034;12863.5923389
3036;12863.5923389
3038;12863.5923389
3040;12863.5923389
3042;12863.5923389
3044;12863.5923389
3046;12863.5923389
3048;12863.5923389
3050;12863.5923389
3052;12863.5923389
3054;12863.5923389
3056;12863.5923389
3058;12863.5923389
3060;12863.5923389
3062;12863.5923389
3064;12863.5923389
3066;12863.5923389
3068;12863.5923389
3070;12863.5923389
3072;12863.5923389
3074;12863.5923389
3076;12863.5923389
3078;12863.5923389
3080;12863.5923389
3082;12863.5923389
3084;12863.5923389
3086;12863.5923389
3088;12863.5923389
3090;12863.5923389
3092;12863.5923389
3094;12863.5923389
3096;12863.5923389
3098;12863.5923389
3100;12863.5923389
3102;12863.5923389
3104;12863.5923389
3106;12863.5923389
3108;12863.5923389
3110;12863.5923389
3112;12863.5923389
3114;12863.5923389
3116;12863.5923389
3118;12863.5923389
3120;12863.5923389
3122;12863.5923389
3124;12863.5923389
3126;12863.5923389
3128;12863.5923389
3130;12863.5923389
3132;12863.5923389
3134;12863.5923389
3136;12863.5923389
3138;12863.5923389
3140;12863.5923389
3142;12863.5923389
3144;12863.5923389
3146;12863.5923389
3148;12863.5923389
3150;12863.5923389
3152;12863.5923389
3154;12863.5923389
3156;12863.5923389
3158;12863.5923389
3160;12863.5923389
3162;12863.5923389
3164;12863.5923389
3166;12863.5923389
3168;12863.5923389
3170;12863.5923389
3172;12863.5923389
3174;12863.5923389
3176;12863.5923389
3178;12863.5923389
3180;12863.5923389
3182;12863.5923389
3184;12863.5923389
3186;12863.5923389
3188;12863.5923389
3190;12863.5923389
3192;12863.5923389
3194;12863.5923389
3196;12863.5923389
3198;12863.5923389
3200;12863.5923389
3202;12863.5923389
3204;12863.5923389
3206;12863.5923389
3208;12863.5923389
3210;12863.5923389
3212;12863.5923389
3214;12863.5923389
3216;12863.5923389
3218;12863.5923389
3220;12863.5923389
3222;12863.5923389
3224;12863.5923389
3226;12863.5923389
3228;12863.5923389
3230;12863.5923389
3232;12863.5923389
3234;12863.5923389
3236;12863.5923389
3238;12863.5923389
3240;12863.5923389
3242;12863.5923389
3244;12863.5923389
3246;12863.5923389
3248;12863.5923389
3250;12863.5923389
3252;12863.5923389
3254;12863.5923389
3256;12863.5923389
3258;12863.5923389
3260;12863.5923389
3262;12863.5923389
3264;12863.5923389
3266;12863.5923389
3268;12863.5923389
3270;12863.5923389
3272;12863.5923389
3274;12863.5923389
3276;12863.5923389
3278;12863.5923389
3280;12863.5923389
3282;12863.5923389
3284;12863.5923389
3286;12863.5923389
3288;12863.5923389
3290;12863.5923389
3292;12863.5923389
3294;12863.5923389
3296;12863.5923389
3298;12863.5923389
3300;12863.5923389
3302;12863.5923389
3304;12863.5923389
3306;12863.5923389
3308;12863.5923389
3310;12863.5923389
3312;12863.5923389
3314;12863.5923389
3316;12863.5923389
3318;12863.5923389
3320;12863.5923389
3322;12863.5923389
3324;12863.5923389
3326;12863.5923389
3328;12863.5923389
3330;12863.5923389
3332;12863.5923389
3334;12863.5923389
3336;12863.5923389
3338;12863.5923389
3340;12863.5923389
3342;12863.5923389
3344;12863.5923389
3346;12863.5923389
3348;12863.5923389
3350;12863.5923389
3352;12863.5923389
3354;12863.5923389
3356;12863.5923389
3358;12863.5923389
3360;12863.5923389
3362;12863.5923389
3364;12863.5923389
3366;12863.5923389
3368;12863.5923389
3370;12863.5923389
3372;12863.5923389
3374;12863.5923389
3376;12863.5923389
3378;12863.5923389
3380;12863.5923389
3382;12863.5923389
3384;12863.5923389
3386;12863.5923389
3388;12863.5923389
3390;12863.5923389
3392;12863.5923389
3394;12863.5923389
3396;12863.5923389
3398;12863.5923389
3400;12863.5923389
3402;12863.5923389
3404;12863.5923389
3406;12863.5923389
3408;12863.5923389
3410;12863.5923389
3412;12863.5923389
3414;12863.5923389
3416;12863.5923389
3418;12863.5923389
3420;12863.5923389
3422;12863.5923389
3424;12863.5923389
3426;12863.5923389
3428;12863.5923389
3430;12863.5923389
3432;12863.5923389
3434;12863.5923389
3436;12863.5923389
3438;12863.5923389
3440;12863.5923389
3442;12863.5923389
3444;12863.5923389
3446;12863.5923389
3448;12863.5923389
3450;12863.5923389
3452;12863.5923389
3454;12863.5923389
3456;12863.5923389
3458;12863.5923389
3460;12863.5923389
3462;12863.5923389
3464;12863.5923389
3466;12863.5923389
3468;12863.5923389
3470;12863.5923389
3472;12863.5923389
3474;12863.5923389
3476;12863.5923389
3478;12863.5923389
3480;12863.5923389
3482;12863.5923389
3484;12863.5923389
3486;12863.5923389
3488;12863.5923389
3490;12863.5923389
3492;12863.5923389
3494;12863.5923389
3496;12863.5923389
3498;12863.5923389
3500;12863.5923389
3502;12863.5923389
3504;12863.5923389
3506;12863.5923389
3508;12863.5923389
3510;12863.5923389
3512;12863.5923389
3514;12863.5923389
3516;12863.5923389
3518;12863.5923389
3520;12863.5923389
3522;12863.5923389
3524;12863.5923389
3526;12863.5923389
3528;12863.5923389
3530;12863.5923389
3532;12863.5923389
3534;12863.5923389
3536;12863.5923389
3538;12863.5923389
3540;12863.5923389
3542;12863.5923389
3544;12863.5923389
3546;12863.5923389
3548;12863.5923389
3550;12863.5923389
3552;12863.5923389
3554;12863.5923389
3556;12863.5923389
3558;12863.5923389
3560;12863.5923389
3562;12863.5923389
3564;12863.5923389
3566;12863.5923389
3568;12863.5923389
3570;12863.5923389
3572;12863.5923389
3574;12863.5923389
3576;12863.5923389
3578;12863.5923389
3580;12863.5923389
3582;12863.5923389
3584;12863.5923389
3586;12863.5923389
3588;12863.5923389
3590;12863.5923389
3592;12863.5923389
3594;12863.5923389
3596;12863.5923389
3598;12863.5923389
3600;12863.5923389
3602;12863.5923389
3604;12863.5923389
3606;12863.5923389
3608;12863.5923389
3610;12863.5923389
3612;12863.5923389
3614;12863.5923389
3616;12863.5923389
3618;12863.5923389
3620;12863.5923389
3622;12863.5923389
3624;12863.5923389
3626;12863.5923389
3628;12863.5923389
3630;12863.5923389
3632;12863.5923389
3634;12863.5923389
3636;12863.5923389
3638;12863.5923389
3640;12863.5923389
3642;12863.5923389
3644;12863.5923389
3646;12863.5923389
3648;12863.5923389
3650;12863.5923389
3652;12863.5923389
3654;12863.5923389
3656;12863.5923389
3658;12863.5923389
3660;12863.5923389
3662;12863.5923389
3664;12863.5923389
3666;12863.5923389
3668;12863.5923389
3670;12863.5923389
3672;12863.5923389
3674;12863.5923389
3676;12863.5923389
3678;12863.5923389
3680;12863.5923389
3682;12863.5923389
3684;12863.5923389
3686;12863.5923389
3688;12863.5923389
3690;12863.5923389
3692;12863.5923389
3694;12863.5923389
3696;12863.5923389
3698;12863.5923389
3700;12863.5923389
3702;12863.5923389
3704;12863.5923389
3706;12863.5923389
3708;12863.5923389
3710;12863.5923389
3712;12863.5923389
3714;12863.5923389
3716;12863.5923389
3718;12863.5923389
3720;12863.5923389
3722;12863.5923389
3724;12863.5923389
3726;12863.5923389
3728;12863.5923389
3730;12863.5923389
3732;12863.5923389
3734;12863.5923389
3736;12863.5923389
3738;12863.5923389
3740;12863.5923389
3742;12863.5923389
3744;12863.5923389
3746;12863.5923389
3748;12863.5923389
3750;12863.5923389
3752;12863.5923389
3754;12863.5923389
3756;12863.5923389
3758;12863.5923389
3760;12863.5923389
3762;12863.5923389
3764;12863.5923389
3766;12863.5923389
3768;12863.5923389
3770;12863.5923389
3772;12863.5923389
3774;12863.5923389
3776;12863.5923389
3778;12863.5923389
3780;12863.5923389
3782;12863.5923389
3784;12863.5923389
3786;12863.5923389
3788;12863.5923389
3790;12863.5923389
3792;12863.5923389
3794;12863.5923389
3796;12863.5923389
3798;12863.5923389
3800;12863.5923389
3802;12863.5923389
3804;12863.5923389
3806;12863.5923389
3808;12863.5923389
3810;12863.5923389
3812;12863.5923389
3814;12863.5923389
3816;12863.5923389
3818;12863.5923389
3820;12863.5923389
3822;12863.5923389
3824;12863.5923389
3826;12863.5923389
3828;12863.5923389
3830;12863.5923389
3832;12863.5923389
3834;12863.5923389
3836;12863.5923389
3838;12863.5923389
3840;12863.5923389
3842;12863.5923389
3844;12863.5923389
3846;12863.5923389
3848;12863.5923389
3850;12863.5923389
3852;12863.5923389
3854;12863.5923389
3856;12863.5923389
3858;12863.5923389
3860;12863.5923389
3862;12863.5923389
3864;12863.5923389
3866;12863.5923389
3868;12863.5923389
3870;12863.5923389
3872;12863.5923389
3874;12863.5923389
3876;12863.5923389
3878;12863.5923389
3880;12863.5923389
3882;12863.5923389
3884;12863.5923389
3886;12863.5923389
3888;12863.5923389
3890;12863.5923389
3892;12863.5923389
3894;12863.5923389
3896;12863.5923389
3898;12863.5923389
3900;12863.5923389
3902;12863.5923389
3904;12863.5923389
3906;12863.5923389
3908;12863.5923389
3910;12863.5923389
3912;12863.5923389
3914;12863.5923389
3916;12863.5923389
3918;12863.5923389
3920;12863.5923389
3922;12863.5923389
3924;12863.5923389
3926;12863.5923389
3928;12863.5923389
3930;12863.5923389
3932;12863.5923389
3934;12863.5923389
3936;12863.5923389
3938;12863.5923389
3940;12863.5923389
3942;12863.5923389
3944;12863.5923389
3946;12863.5923389
3948;12863.5923389
3950;12863.5923389
3952;12863.5923389
3954;12863.5923389
3956;12863.5923389
3958;12863.5923389
3960;12863.5923389
3962;12863.5923389
3964;12863.5923389
3966;12863.5923389
3968;12863.5923389
3970;12863.5923389
3972;12863.5923389
3974;12863.5923389
3976;12863.5923389
3978;12863.5923389
3980;12863.5923389
3982;12863.5923389
3984;12863.5923389
3986;12863.5923389
3988;12863.5923389
3990;12863.5923389
3992;12863.5923389
3994;12863.5923389
3996;12863.5923389
3998;12863.5923389
4000;12863.5923389
4002;12863.5923389
4004;12863.5923389
4006;12863.5923389
4008;12863.5923389
4010;12863.5923389
4012;12863.5923389
4014;12863.5923389
4016;12863.5923389
4018;12863.5923389
4020;12863.5923389
4022;12863.5923389
4024;12863.5923389
4026;12863.5923389
4028;12863.5923389
4030;12863.5923389
4032;12863.5923389
4034;12863.5923389
4036;12863.5923389
4038;12863.5923389
4040;12863.5923389
4042;12863.5923389
4044;12863.5923389
4046;12863.5923389
4048;12863.5923389
4050;12863.5923389
4052;12863.5923389
4054;12863.5923389
4056;12863.5923389
4058;12863.5923389
4060;12863.5923389
4062;12863.5923389
4064;12863.5923389
4066;12863.5923389
4068;12863.5923389
4070;12863.5923389
4072;12863.5923389
4074;12863.5923389
4076;12863.5923389
4078;12863.5923389
4080;12863.5923389
4082;12863.5923389
4084;12863.5923389
4086;12863.5923389
4088;12863.5923389
4090;12863.5923389
4092;12863.5923389
4094;12863.5923389
4096;12863.5923389
4098;12863.5923389
4100;12863.5923389
4102;12863.5923389
4104;12863.5923389
4106;12863.5923389
4108;12863.5923389
4110;12863.5923389
4112;12863.5923389
4114;12863.5923389
4116;12863.5923389
4118;12863.5923389
4120;12863.5923389
4122;12863.5923389
4124;12863.5923389
4126;12863.5923389
4128;12863.5923389
4130;12863.5923389
4132;12863.5923389
4134;12863.5923389
4136;12863.5923389
4138;12863.5923389
4140;12863.5923389
4142;12863.5923389
4144;12863.5923389
4146;12863.5923389
4148;12863.5923389
4150;12863.5923389
4152;12863.5923389
4154;12863.5923389
4156;12863.5923389
4158;12863.5923389
4160;12863.5923389
4162;12863.5923389
4164;12863.5923389
4166;12863.5923389
4168;12863.5923389
4170;12863.5923389
4172;12863.5923389
4174;12863.5923389
4176;12863.5923389
4178;12863.5923389
4180;12863.5923389
4182;12863.5923389
4184;12863.5923389
4186;12863.5923389
4188;12863.5923389
4190;12863.5923389
4192;12863.5923389
4194;12863.5923389
4196;12863.5923389
4198;12863.5923389
4200;12863.5923389
4202;12863.5923389
4204;12863.5923389
4206;12863.5923389
4208;12863.5923389
4210;12863.5923389
4212;12863.5923389
4214;12863.5923389
4216;12863.5923389
4218;12863.5923389
4220;12863.5923389
4222;12863.5923389
4224;12863.5923389
4226;12863.5923389
4228;12863.5923389
4230;12863.5923389
4232;12863.5923389
4234;12863.5923389
4236;12863.5923389
4238;12863.5923389
4240;12863.5923389
4242;12863.5923389
4244;12863.5923389
4246;12863.5923389
4248;12863.5923389
4250;12863.5923389
4252;12863.5923389
4254;12863.5923389
4256;12863.5923389
4258;12863.5923389
4260;12863.5923389
4262;12863.5923389
4264;12863.5923389
4266;12863.5923389
4268;12863.5923389
4270;12863.5923389
4272;12863.5923389
4274;12863.5923389
4276;12863.5923389
4278;12863.5923389
4280;12863.5923389
4282;12863.5923389
4284;12863.5923389
4286;12863.5923389
4288;12863.5923389
4290;12863.5923389
4292;12863.5923389
4294;12863.5923389
4296;12863.5923389
4298;12863.5923389
4300;12863.5923389
4302;12863.5923389
4304;12863.5923389
4306;12863.5923389
4308;12863.5923389
4310;12863.5923389
4312;12863.5923389
4314;12863.5923389
4316;12863.5923389
4318;12863.5923389
4320;12863.5923389
4322;12863.5923389
4324;12863.5923389
4326;12863.5923389
4328;12863.5923389
4330;12863.5923389
4332;12863.5923389
4334;12863.5923389
4336;12863.5923389
4338;12863.5923389
4340;12863.5923389
4342;12863.5923389
4344;12863.5923389
4346;12863.5923389
4348;12863.5923389
4350;12863.5923389
4352;12863.5923389
4354;12863.5923389
4356;12863.5923389
4358;12863.5923389
4360;12863.5923389
4362;12863.5923389
4364;12863.5923389
4366;12863.5923389
4368;12863.5923389
4370;12863.5923389
4372;12863.5923389
4374;12863.5923389
4376;12863.5923389
4378;12863.5923389
4380;12863.5923389
4382;12863.5923389
4384;12863.5923389
4386;12863.5923389
4388;12863.5923389
4390;12863.5923389
4392;12863.5923389
4394;12863.5923389
4396;12863.5923389
4398;12863.5923389
4400;12863.5923389
4402;12863.5923389
4404;12863.5923389
4406;12863.5923389
4408;12863.5923389
4410;12863.5923389
4412;12863.5923389
4414;12863.5923389
4416;12863.5923389
4418;12863.5923389
4420;12863.5923389
4422;12863.5923389
4424;12863.5923389
4426;12863.5923389
4428;12863.5923389
4430;12863.5923389
4432;12863.5923389
4434;12863.5923389
4436;12863.5923389
4438;12863.5923389
4440;12863.5923389
4442;12863.5923389
4444;12863.5923389
4446;12863.5923389
4448;12863.5923389
4450;12863.5923389
4452;12863.5923389
4454;12863.5923389
4456;12863.5923389
4458;12863.5923389
4460;12863.5923389
4462;12863.5923389
4464;12863.5923389
4466;12863.5923389
4468;12863.5923389
4470;12863.5923389
4472;12863.5923389
4474;12863.5923389
4476;12863.5923389
4478;12863.5923389
4480;12863.5923389
4482;12863.5923389
4484;12863.5923389
4486;12863.5923389
4488;12863.5923389
4490;12863.5923389
4492;12863.5923389
4494;12863.5923389
4496;12863.5923389
4498;12863.5923389
4500;12863.5923389
4502;12863.5923389
4504;12863.5923389
4506;12863.5923389
4508;12863.5923389
4510;12863.5923389
4512;12863.5923389
4514;12863.5923389
4516;12863.5923389
4518;12863.5923389
4520;12863.5923389
4522;12863.5923389
4524;12863.5923389
4526;12863.5923389
4528;12863.5923389
4530;12863.5923389
4532;12863.5923389
4534;12863.5923389
4536;12863.5923389
4538;12863.5923389
4540;12863.5923389
4542;12863.5923389
4544;12863.5923389
4546;12863.5923389
4548;12863.5923389
4550;12863.5923389
4552;12863.5923389
4554;12863.5923389
4556;12863.5923389
4558;12863.5923389
4560;12863.5923389
4562;12863.5923389
4564;12863.5923389
4566;12863.5923389
4568;12863.5923389
4570;12863.5923389
4572;12863.5923389
4574;12863.5923389
4576;12863.5923389
4578;12863.5923389
4580;12863.5923389
4582;12863.5923389
4584;12863.5923389
4586;12863.5923389
4588;12863.5923389
4590;12863.5923389
4592;12863.5923389
4594;12863.5923389
4596;12863.5923389
4598;12863.5923389
4600;12863.5923389
4602;12863.5923389
4604;12863.5923389
4606;12863.5923389
4608;12863.5923389
4610;12863.5923389
4612;12863.5923389
4614;12863.5923389
4616;12863.5923389
4618;12863.5923389
4620;12863.5923389
4622;12863.5923389
4624;12863.5923389
4626;12863.5923389
4628;12863.5923389
4630;12863.5923389
4632;12863.5923389
4634;12863.5923389
4636;12863.5923389
4638;12863.5923389
4640;12863.5923389
4642;12863.5923389
4644;12863.5923389
4646;12863.5923389
4648;12863.5923389
4650;12863.5923389
4652;12863.5923389
4654;12863.5923389
4656;12863.5923389
4658;12863.5923389
4660;12863.5923389
4662;12863.5923389
4664;12863.5923389
4666;12863.5923389
4668;12863.5923389
4670;12863.5923389
4672;12863.5923389
4674;12863.5923389
4676;12863.5923389
4678;12863.5923389
4680;12863.5923389
4682;12863.5923389
4684;12863.5923389
4686;12863.5923389
4688;12863.5923389
4690;12863.5923389
4692;12863.5923389
4694;12863.5923389
4696;12863.5923389
4698;12863.5923389
4700;12863.5923389
4702;12863.5923389
4704;12863.5923389
4706;12863.5923389
4708;12863.5923389
4710;12863.5923389
4712;12863.5923389
4714;12863.5923389
4716;12863.5923389
4718;12863.5923389
4720;12863.5923389
4722;12863.5923389
4724;12863.5923389
4726;12863.5923389
4728;12863.5923389
4730;12863.5923389
4732;12863.5923389
4734;12863.5923389
4736;12863.5923389
4738;12863.5923389
4740;12863.5923389
4742;12863.5923389
4744;12863.5923389
4746;12863.5923389
4748;12863.5923389
4750;12863.5923389
4752;12863.5923389
4754;12863.5923389
4756;12863.5923389
4758;12863.5923389
4760;12863.5923389
4762;12863.5923389
4764;12863.5923389
4766;12863.5923389
4768;12863.5923389
4770;12863.5923389
4772;12863.5923389
4774;12863.5923389
4776;12863.5923389
4778;12863.5923389
4780;12863.5923389
4782;12863.5923389
4784;12863.5923389
4786;12863.5923389
4788;12863.5923389
4790;12863.5923389
4792;12863.5923389
4794;12863.5923389
4796;12863.5923389
4798;12863.5923389
4800;12863.5923389
4802;12863.5923389
4804;12863.5923389
4806;12863.5923389
4808;12863.5923389
4810;12863.5923389
4812;12863.5923389
4814;12863.5923389
4816;12863.5923389
4818;12863.5923389
4820;12863.5923389
4822;12863.5923389
4824;12863.5923389
4826;12863.5923389
4828;12863.5923389
4830;12863.5923389
4832;12863.5923389
4834;12863.5923389
4836;12863.5923389
4838;12863.5923389
4840;12863.5923389
4842;12863.5923389
4844;12863.5923389
4846;12863.5923389
4848;12863.5923389
4850;12863.5923389
4852;12863.5923389
4854;12863.5923389
4856;12863.5923389
4858;12863.5923389
4860;12863.5923389
4862;12863.5923389
4864;12863.5923389
4866;12863.5923389
4868;12863.5923389
4870;12863.5923389
4872;12863.5923389
4874;12863.5923389
4876;12863.5923389
4878;12863.5923389
4880;12863.5923389
4882;12863.5923389
4884;12863.5923389
4886;12863.5923389
4888;12863.5923389
4890;12863.5923389
4892;12863.5923389
4894;12863.5923389
4896;12863.5923389
4898;12863.5923389
4900;12863.5923389
4902;12863.5923389
4904;12863.5923389
4906;12863.5923389
4908;12863.5923389
4910;12863.5923389
4912;12863.5923389
4914;12863.5923389
4916;12863.5923389
4918;12863.5923389
4920;12863.5923389
4922;12863.5923389
4924;12863.5923389
4926;12863.5923389
4928;12863.5923389
4930;12863.5923389
4932;12863.5923389
4934;12863.5923389
4936;12863.5923389
4938;12863.5923389
4940;12863.5923389
4942;12863.5923389
4944;12863.5923389
4946;12863.5923389
4948;12863.5923389
4950;12863.5923389
4952;12863.5923389
4954;12863.5923389
4956;12863.5923389
4958;12863.5923389
4960;12863.5923389
4962;12863.5923389
4964;12863.5923389
4966;12863.5923389
4968;12863.5923389
4970;12863.5923389
4972;12863.5923389
4974;12863.5923389
4976;12863.5923389
4978;12863.5923389
4980;12863.5923389
4982;12863.5923389
4984;12863.5923389
4986;12863.5923389
4988;12863.5923389
4990;12863.5923389
4992;12863.5923389
4994;12863.5923389
4996;12863.5923389
4998;12863.5923389
5000;12863.5923389
5002;12863.5923389
5004;12863.5923389
5006;12863.5923389
5008;12863.5923389
5010;12863.5923389
5012;12863.5923389
5014;12863.5923389
5016;12863.5923389
5018;12863.5923389
5020;12863.5923389
5022;12863.5923389
5024;12863.5923389
5026;12863.5923389
5028;12863.5923389
5030;12863.5923389
5032;12863.5923389
5034;12863.5923389
5036;12863.5923389
5038;12863.5923389
5040;12863.5923389
5042;12863.5923389
5044;12863.5923389
5046;12863.5923389
5048;12863.5923389
5050;12863.5923389
5052;12863.5923389
5054;12863.5923389
5056;12863.5923389
5058;12863.5923389
5060;12863.5923389
5062;12863.5923389
5064;12863.5923389
5066;12863.5923389
5068;12863.5923389
5070;12863.5923389
5072;12863.5923389
5074;12863.5923389
5076;12863.5923389
5078;12863.5923389
5080;12863.5923389
5082;12863.5923389
5084;12863.5923389
5086;12863.5923389
5088;12863.5923389
5090;12863.5923389
5092;12863.5923389
5094;12863.5923389
5096;12863.5923389
5098;12863.5923389
5100;12863.5923389
5102;12863.5923389
5104;12863.5923389
5106;12863.5923389
5108;12863.5923389
5110;12863.5923389
5112;12863.5923389
5114;12863.5923389
5116;12863.5923389
5118;12863.5923389
5120;12863.5923389
5122;12863.5923389
5124;12863.5923389
5126;12863.5923389
5128;12863.5923389
5130;12863.5923389
5132;12863.5923389
5134;12863.5923389
5136;12863.5923389
5138;12863.5923389
5140;12863.5923389
5142;12863.5923389
5144;12863.5923389
5146;12863.5923389
5148;12863.5923389
5150;12863.5923389
5152;12863.5923389
5154;12863.5923389
5156;12863.5923389
5158;12863.5923389
5160;12863.5923389
5162;12863.5923389
5164;12863.5923389
5166;12863.5923389
5168;12863.5923389
5170;12863.5923389
5172;12863.5923389
5174;12863.5923389
5176;12863.5923389
5178;12863.5923389
5180;12863.5923389
5182;12863.5923389
5184;12863.5923389
5186;12863.5923389
5188;12863.5923389
5190;12863.5923389
5192;12863.5923389
5194;12863.5923389
5196;12863.5923389
5198;12863.5923389
5200;12863.5923389
5202;12863.5923389
5204;12863.5923389
5206;12863.5923389
5208;12863.5923389
5210;12863.5923389
5212;12863.5923389
5214;12863.5923389
5216;12863.5923389
5218;12863.5923389
5220;12863.5923389
5222;12863.5923389
5224;12863.5923389
5226;12863.5923389
5228;12863.5923389
5230;12863.5923389
5232;12863.5923389
5234;12863.5923389
5236;12863.5923389
5238;12863.5923389
5240;12863.5923389
5242;12863.5923389
5244;12863.5923389
5246;12863.5923389
5248;12863.5923389
5250;12863.5923389
5252;12863.5923389
5254;12863.5923389
5256;12863.5923389
5258;12863.5923389
5260;12863.5923389
5262;12863.5923389
5264;12863.5923389
5266;12863.5923389
5268;12863.5923389
5270;12863.5923389
5272;12863.5923389
5274;12863.5923389
5276;12863.5923389
5278;12863.5923389
5280;12863.5923389
5282;12863.5923389
5284;12863.5923389
5286;12863.5923389
5288;12863.5923389
5290;12863.5923389
5292;12863.5923389
5294;12863.5923389
5296;12863.5923389
5298;12863.5923389
5300;12863.5923389
5302;12863.5923389
5304;12863.5923389
5306;12863.5923389
5308;12863.5923389
5310;12863.5923389
5312;12863.5923389
5314;12863.5923389
5316;12863.5923389
5318;12863.5923389
5320;12863.5923389
5322;12863.5923389
5324;12863.5923389
5326;12863.5923389
5328;12863.5923389
5330;12863.5923389
5332;12863.5923389
5334;12863.5923389
5336;12863.5923389
5338;12863.5923389
5340;12863.5923389
5342;12863.5923389
5344;12863.5923389
5346;12863.5923389
5348;12863.5923389
5350;12863.5923389
5352;12863.5923389
5354;12863.5923389
5356;12863.5923389
5358;12863.5923389
5360;12863.5923389
5362;12863.5923389
5364;12863.5923389
5366;12863.5923389
5368;12863.5923389
5370;12863.5923389
5372;12863.5923389
5374;12863.5923389
5376;12863.5923389
5378;12863.5923389
5380;12863.5923389
5382;12863.5923389
5384;12863.5923389
5386;12863.5923389
5388;12863.5923389
5390;12863.5923389
5392;12863.5923389
5394;12863.5923389
5396;12863.5923389
5398;12863.5923389
5400;12863.5923389
5402;12863.5923389
5404;12863.5923389
5406;12863.5923389
5408;12863.5923389
5410;12863.5923389
5412;12863.5923389
5414;12863.5923389
5416;12863.5923389
5418;12863.5923389
5420;12863.5923389
5422;12863.5923389
5424;12863.5923389
5426;12863.5923389
5428;12863.5923389
5430;12863.5923389
5432;12863.5923389
5434;12863.5923389
5436;12863.5923389
5438;12863.5923389
5440;12863.5923389
5442;12863.5923389
5444;12863.5923389
5446;12863.5923389
5448;12863.5923389
5450;12863.5923389
5452;12863.5923389
5454;12863.5923389
5456;12863.5923389
5458;12863.5923389
5460;12863.5923389
5462;12863.5923389
5464;12863.5923389
5466;12863.5923389
5468;12863.5923389
5470;12863.5923389
5472;12863.5923389
5474;12863.5923389
5476;12863.5923389
5478;12863.5923389
5480;12863.5923389
5482;12863.5923389
5484;12863.5923389
5486;12863.5923389
5488;12863.5923389
5490;12863.5923389
5492;12863.5923389
5494;12863.5923389
5496;12863.5923389
5498;12863.5923389
5500;12863.5923389
5502;12863.5923389
5504;12863.5923389
5506;12863.5923389
5508;12863.5923389
5510;12863.5923389
5512;12863.5923389
5514;12863.5923389
5516;12863.5923389
5518;12863.5923389
5520;12863.5923389
5522;12863.5923389
5524;12863.5923389
5526;12863.5923389
5528;12863.5923389
5530;12863.5923389
5532;12863.5923389
5534;12863.5923389
5536;12863.5923389
5538;12863.5923389
5540;12863.5923389
5542;12863.5923389
5544;12863.5923389
5546;12863.5923389
5548;12863.5923389
5550;12863.5923389
5552;12863.5923389
5554;12863.5923389
5556;12863.5923389
5558;12863.5923389
5560;12863.5923389
5562;12863.5923389
5564;12863.5923389
5566;12863.5923389
5568;12863.5923389
5570;12863.5923389
5572;12863.5923389
5574;12863.5923389
5576;12863.5923389
5578;12863.5923389
5580;12863.5923389
5582;12863.5923389
5584;12863.5923389
5586;12863.5923389
5588;12863.5923389
5590;12863.5923389
5592;12863.5923389
5594;12863.5923389
5596;12863.5923389
5598;12863.5923389
5600;12863.5923389
5602;12863.5923389
5604;12863.5923389
5606;12863.5923389
5608;12863.5923389
5610;12863.5923389
5612;12863.5923389
5614;12863.5923389
5616;12863.5923389
5618;12863.5923389
5620;12863.5923389
5622;12863.5923389
5624;12863.5923389
5626;12863.5923389
5628;12863.5923389
5630;12863.5923389
5632;12863.5923389
5634;12863.5923389
5636;12863.5923389
5638;12863.5923389
5640;12863.5923389
5642;12863.5923389
5644;12863.5923389
5646;12863.5923389
5648;12863.5923389
5650;12863.5923389
5652;12863.5923389
5654;12863.5923389
5656;12863.5923389
5658;12863.5923389
5660;12863.5923389
5662;12863.5923389
5664;12863.5923389
5666;12863.5923389
5668;12863.5923389
5670;12863.5923389
5672;12863.5923389
5674;12863.5923389
5676;12863.5923389
5678;12863.5923389
5680;12863.5923389
5682;12863.5923389
5684;12863.5923389
5686;12863.5923389
5688;12863.5923389
5690;12863.5923389
5692;12863.5923389
5694;12863.5923389
5696;12863.5923389
5698;12863.5923389
5700;12863.5923389
5702;12863.5923389
5704;12863.5923389
5706;12863.5923389
5708;12863.5923389
5710;12863.5923389
5712;12863.5923389
5714;12863.5923389
5716;12863.5923389
5718;12863.5923389
5720;12863.5923389
5722;12863.5923389
5724;12863.5923389
5726;12863.5923389
5728;12863.5923389
5730;12863.5923389
5732;12863.5923389
5734;12863.5923389
5736;12863.5923389
5738;12863.5923389
5740;12863.5923389
5742;12863.5923389
5744;12863.5923389
5746;12863.5923389
5748;12863.5923389
5750;12863.5923389
5752;12863.5923389
5754;12863.5923389
5756;12863.5923389
5758;12863.5923389
5760;12863.5923389
5762;12863.5923389
5764;12863.5923389
5766;12863.5923389
5768;12863.5923389
5770;12863.5923389
5772;12863.5923389
5774;12863.5923389
5776;12863.5923389
5778;12863.5923389
5780;12863.5923389
5782;12863.5923389
5784;12863.5923389
5786;12863.5923389
5788;12863.5923389
5790;12863.5923389
5792;12863.5923389
5794;12863.5923389
5796;12863.5923389
5798;12863.5923389
5800;12863.5923389
5802;12863.5923389
5804;12863.5923389
5806;12863.5923389
5808;12863.5923389
5810;12863.5923389
5812;12863.5923389
5814;12863.5923389
5816;12863.5923389
5818;12863.5923389
5820;12863.5923389
5822;12863.5923389
5824;12863.5923389
5826;12863.5923389
5828;12863.5923389
5830;12863.5923389
5832;12863.5923389
5834;12863.5923389
5836;12863.5923389
5838;12863.5923389
5840;12863.5923389
5842;12863.5923389
5844;12863.5923389
5846;12863.5923389
5848;12863.5923389
5850;12863.5923389
5852;12863.5923389
5854;12863.5923389
5856;12863.5923389
5858;12863.5923389
5860;12863.5923389
5862;12863.5923389
5864;12863.5923389
5866;12863.5923389
5868;12863.5923389
5870;12863.5923389
5872;12863.5923389
5874;12863.5923389
5876;12863.5923389
5878;12863.5923389
5880;12863.5923389
5882;12863.5923389
5884;12863.5923389
5886;12863.5923389
5888;12863.5923389
5890;12863.5923389
5892;12863.5923389
5894;12863.5923389
5896;12863.5923389
5898;12863.5923389
5900;12863.5923389
5902;12863.5923389
5904;12863.5923389
5906;12863.5923389
5908;12863.5923389
5910;12863.5923389
5912;12863.5923389
5914;12863.5923389
5916;12863.5923389
5918;12863.5923389
5920;12863.5923389
5922;12863.5923389
5924;12863.5923389
5926;12863.5923389
5928;12863.5923389
5930;12863.5923389
5932;12863.5923389
5934;12863.5923389
5936;12863.5923389
5938;12863.5923389
5940;12863.5923389
5942;12863.5923389
5944;12863.5923389
5946;12863.5923389
5948;12863.5923389
5950;12863.5923389
5952;12863.5923389
5954;12863.5923389
5956;12863.5923389
5958;12863.5923389
5960;12863.5923389
5962;12863.5923389
5964;12863.5923389
5966;12863.5923389
5968;12863.5923389
5970;12863.5923389
5972;12863.5923389
5974;12863.5923389
5976;12863.5923389
5978;12863.5923389
5980;12863.5923389
5982;12863.5923389
5984;12863.5923389
5986;12863.5923389
5988;12863.5923389
5990;12863.5923389
5992;12863.5923389
5994;12863.5923389
5996;12863.5923389
5998;12863.5923389
6000;12863.5923389
6002;12863.5923389
6004;12863.5923389
6006;12863.5923389
6008;12863.5923389
6010;12863.5923389
6012;12863.5923389
6014;12863.5923389
6016;12863.5923389
6018;12863.5923389
6020;12863.5923389
6022;12863.5923389
6024;12863.5923389
6026;12863.5923389
6028;12863.5923389
6030;12863.5923389
6032;12863.5923389
6034;12863.5923389
6036;12863.5923389
6038;12863.5923389
6040;12863.5923389
6042;12863.5923389
6044;12863.5923389
6046;12863.5923389
6048;12863.5923389
6050;12863.5923389
6052;12863.5923389
6054;12863.5923389
6056;12863.5923389
6058;12863.5923389
6060;12863.5923389
6062;12863.5923389
6064;12863.5923389
6066;12863.5923389
6068;12863.5923389
6070;12863.5923389
6072;12863.5923389
6074;12863.5923389
6076;12863.5923389
6078;12863.5923389
6080;12863.5923389
6082;12863.5923389
6084;12863.5923389
6086;12863.5923389
6088;12863.5923389
6090;12863.5923389
6092;12863.5923389
6094;12863.5923389
6096;12863.5923389
6098;12863.5923389
6100;12863.5923389
6102;12863.5923389
6104;12863.5923389
6106;12863.5923389
6108;12863.5923389
6110;12863.5923389
6112;12863.5923389
6114;12863.5923389
6116;12863.5923389
6118;12863.5923389
6120;12863.5923389
6122;12863.5923389
6124;12863.5923389
6126;12863.5923389
6128;12863.5923389
6130;12863.5923389
6132;12863.5923389
6134;12863.5923389
6136;12863.5923389
6138;12863.5923389
6140;12863.5923389
6142;12863.5923389
6144;12863.5923389
6146;12863.5923389
6148;12863.5923389
6150;12863.5923389
6152;12863.5923389
6154;12863.5923389
6156;12863.5923389
6158;12863.5923389
6160;12863.5923389
6162;12863.5923389
6164;12863.5923389
6166;12863.5923389
6168;12863.5923389
6170;12863.5923389
6172;12863.5923389
6174;12863.5923389
6176;12863.5923389
6178;12863.5923389
6180;12863.5923389
6182;12863.5923389
6184;12863.5923389
6186;12863.5923389
6188;12863.5923389
6190;12863.5923389
6192;12863.5923389
6194;12863.5923389
6196;12863.5923389
6198;12863.5923389
6200;12863.5923389
6202;12863.5923389
6204;12863.5923389
6206;12863.5923389
6208;12863.5923389
6210;12863.5923389
6212;12863.5923389
6214;12863.5923389
6216;12863.5923389
6218;12863.5923389
6220;12863.5923389
6222;12863.5923389
6224;12863.5923389
6226;12863.5923389
6228;12863.5923389
6230;12863.5923389
6232;12863.5923389
6234;12863.5923389
6236;12863.5923389
6238;12863.5923389
6240;12863.5923389
6242;12863.5923389
6244;12863.5923389
6246;12863.5923389
6248;12863.5923389
6250;12863.5923389
6252;12863.5923389
6254;12863.5923389
6256;12863.5923389
6258;12863.5923389
6260;12863.5923389
6262;12863.5923389
6264;12863.5923389
6266;12863.5923389
6268;12863.5923389
6270;12863.5923389
6272;12863.5923389
6274;12863.5923389
6276;12863.5923389
6278;12863.5923389
6280;12863.5923389
6282;12863.5923389
6284;12863.5923389
6286;12863.5923389
6288;12863.5923389
6290;12863.5923389
6292;12863.5923389
6294;12863.5923389
6296;12863.5923389
6298;12863.5923389
6300;12863.5923389
6302;12863.5923389
6304;12863.5923389
6306;12863.5923389
6308;12863.5923389
6310;12863.5923389
6312;12863.5923389
6314;12863.5923389
6316;12863.5923389
6318;12863.5923389
6320;12863.5923389
6322;12863.5923389
6324;12863.5923389
6326;12863.5923389
6328;12863.5923389
6330;12863.5923389
6332;12863.5923389
6334;12863.5923389
6336;12863.5923389
6338;12863.5923389
6340;12863.5923389
6342;12863.5923389
6344;12863.5923389
6346;12863.5923389
6348;12863.5923389
6350;12863.5923389
6352;12863.5923389
6354;12863.5923389
6356;12863.5923389
6358;12863.5923389
6360;12863.5923389
6362;12863.5923389
6364;12863.5923389
6366;12863.5923389
6368;12863.5923389
6370;12863.5923389
6372;12863.5923389
6374;12863.5923389
6376;12863.5923389
6378;12863.5923389
6380;12863.5923389
6382;12863.5923389
6384;12863.5923389
6386;12863.5923389
6388;12863.5923389
6390;12863.5923389
6392;12863.5923389
6394;12863.5923389
6396;12863.5923389
6398;12863.5923389
6400;12863.5923389
6402;12863.5923389
6404;12863.5923389
6406;12863.5923389
6408;12863.5923389
6410;12863.5923389
6412;12863.5923389
6414;12863.5923389
6416;12863.5923389
6418;12863.5923389
6420;12863.5923389
6422;12863.5923389
6424;12863.5923389
6426;12863.5923389
6428;12863.5923389
6430;12863.5923389
6432;12863.5923389
6434;12863.5923389
6436;12863.5923389
6438;12863.5923389
6440;12863.5923389
6442;12863.5923389
6444;12863.5923389
6446;12863.5923389
6448;12863.5923389
6450;12863.5923389
6452;12863.5923389
6454;12863.5923389
6456;12863.5923389
6458;12863.5923389
6460;12863.5923389
6462;12863.5923389
6464;12863.5923389
6466;12863.5923389
6468;12863.5923389
6470;12863.5923389
6472;12863.5923389
6474;12863.5923389
6476;12863.5923389
6478;12863.5923389
6480;12863.5923389
6482;12863.5923389
6484;12863.5923389
6486;12863.5923389
6488;12863.5923389
6490;12863.5923389
6492;12863.5923389
6494;12863.5923389
6496;12863.5923389
6498;12863.5923389
6500;12863.5923389
6502;12863.5923389
6504;12863.5923389
6506;12863.5923389
6508;12863.5923389
6510;12863.5923389
6512;12863.5923389
6514;12863.5923389
6516;12863.5923389
6518;12863.5923389
6520;12863.5923389
6522;12863.5923389
6524;12863.5923389
6526;12863.5923389
6528;12863.5923389
6530;12863.5923389
6532;12863.5923389
6534;12863.5923389
6536;12863.5923389
6538;12863.5923389
6540;12863.5923389
6542;12863.5923389
6544;12863.5923389
6546;12863.5923389
6548;12863.5923389
6550;12863.5923389
6552;12863.5923389
6554;12863.5923389
6556;12863.5923389
6558;12863.5923389
6560;12863.5923389
6562;12863.5923389
6564;12863.5923389
6566;12863.5923389
6568;12863.5923389
6570;12863.5923389
6572;12863.5923389
6574;12863.5923389
6576;12863.5923389
6578;12863.5923389
6580;12863.5923389
6582;12863.5923389
6584;12863.5923389
6586;12863.5923389
6588;12863.5923389
6590;12863.5923389
6592;12863.5923389
6594;12863.5923389
6596;12863.5923389
6598;12863.5923389
6600;12863.5923389
6602;12863.5923389
6604;12863.5923389
6606;12863.5923389
6608;12863.5923389
6610;12863.5923389
6612;12863.5923389
6614;12863.5923389
6616;12863.5923389
6618;12863.5923389
6620;12863.5923389
6622;12863.5923389
6624;12863.5923389
6626;12863.5923389
6628;12863.5923389
6630;12863.5923389
6632;12863.5923389
6634;12863.5923389
6636;12863.5923389
6638;12863.5923389
6640;12863.5923389
6642;12863.5923389
6644;12863.5923389
6646;12863.5923389
6648;12863.5923389
6650;12863.5923389
6652;12863.5923389
6654;12863.5923389
6656;12863.5923389
6658;12863.5923389
6660;12863.5923389
6662;12863.5923389
6664;12863.5923389
6666;12863.5923389
6668;12863.5923389
6670;12863.5923389
6672;12863.5923389
6674;12863.5923389
6676;12863.5923389
6678;12863.5923389
6680;12863.5923389
6682;12863.5923389
6684;12863.5923389
6686;12863.5923389
6688;12863.5923389
6690;12863.5923389
6692;12863.5923389
6694;12863.5923389
6696;12863.5923389
6698;12863.5923389
6700;12863.5923389
6702;12863.5923389
6704;12863.5923389
6706;12863.5923389
6708;12863.5923389
6710;12863.5923389
6712;12863.5923389
6714;12863.5923389
6716;12863.5923389
6718;12863.5923389
6720;12863.5923389
6722;12863.5923389
6724;12863.5923389
6726;12863.5923389
6728;12863.5923389
6730;12863.5923389
6732;12863.5923389
6734;12863.5923389
6736;12863.5923389
6738;12863.5923389
6740;12863.5923389
6742;12863.5923389
6744;12863.5923389
6746;12863.5923389
6748;12863.5923389
6750;12863.5923389
6752;12863.5923389
6754;12863.5923389
6756;12863.5923389
6758;12863.5923389
6760;12863.5923389
6762;12863.5923389
6764;12863.5923389
6766;12863.5923389
6768;12863.5923389
6770;12863.5923389
6772;12863.5923389
6774;12863.5923389
6776;12863.5923389
6778;12863.5923389
6780;12863.5923389
6782;12863.5923389
6784;12863.5923389
6786;12863.5923389
6788;12863.5923389
6790;12863.5923389
6792;12863.5923389
6794;12863.5923389
6796;12863.5923389
6798;12863.5923389
6800;12863.5923389
6802;12863.5923389
6804;12863.5923389
6806;12863.5923389
6808;12863.5923389
6810;12863.5923389
6812;12863.5923389
6814;12863.5923389
6816;12863.5923389
6818;12863.5923389
6820;12863.5923389
6822;12863.5923389
6824;12863.5923389
6826;12863.5923389
6828;12863.5923389
6830;12863.5923389
6832;12863.5923389
6834;12863.5923389
6836;12863.5923389
6838;12863.5923389
6840;12863.5923389
6842;12863.5923389
6844;12863.5923389
6846;12863.5923389
6848;12863.5923389
6850;12863.5923389
6852;12863.5923389
6854;12863.5923389
6856;12863.5923389
6858;12863.5923389
6860;12863.5923389
6862;12863.5923389
6864;12863.5923389
6866;12863.5923389
6868;12863.5923389
6870;12863.5923389
6872;12863.5923389
6874;12863.5923389
6876;12863.5923389
6878;12863.5923389
6880;12863.5923389
6882;12863.5923389
6884;12863.5923389
6886;12863.5923389
6888;12863.5923389
6890;12863.5923389
6892;12863.5923389
6894;12863.5923389
6896;12863.5923389
6898;12863.5923389
6900;12863.5923389
6902;12863.5923389
6904;12863.5923389
6906;12863.5923389
6908;12863.5923389
6910;12863.5923389
6912;12863.5923389
6914;12863.5923389
6916;12863.5923389
6918;12863.5923389
6920;12863.5923389
6922;12863.5923389
6924;12863.5923389
6926;12863.5923389
6928;12863.5923389
6930;12863.5923389
6932;12863.5923389
6934;12863.5923389
6936;12863.5923389
6938;12863.5923389
6940;12863.5923389
6942;12863.5923389
6944;12863.5923389
6946;12863.5923389
6948;12863.5923389
6950;12863.5923389
6952;12863.5923389
6954;12863.5923389
6956;12863.5923389
6958;12863.5923389
6960;12863.5923389
6962;12863.5923389
6964;12863.5923389
6966;12863.5923389
6968;12863.5923389
6970;12863.5923389
6972;12863.5923389
6974;12863.5923389
6976;12863.5923389
6978;12863.5923389
6980;12863.5923389
6982;12863.5923389
6984;12863.5923389
6986;12863.5923389
6988;12863.5923389
6990;12863.5923389
6992;12863.5923389
6994;12863.5923389
6996;12863.5923389
6998;12863.5923389
7000;12863.5923389
7002;12863.5923389
7004;12863.5923389
7006;12863.5923389
7008;12863.5923389
7010;12863.5923389
7012;12863.5923389
7014;12863.5923389
7016;12863.5923389
7018;12863.5923389
7020;12863.5923389
7022;12863.5923389
7024;12863.5923389
7026;12863.5923389
7028;12863.5923389
7030;12863.5923389
7032;12863.5923389
7034;12863.5923389
7036;12863.5923389
7038;12863.5923389
7040;12863.5923389
7042;12863.5923389
7044;12863.5923389
7046;12863.5923389
7048;12863.5923389
7050;12863.5923389
7052;12863.5923389
7054;12863.5923389
7056;12863.5923389
7058;12863.5923389
7060;12863.5923389
7062;12863.5923389
7064;12863.5923389
7066;12863.5923389
7068;12863.5923389
7070;12863.5923389
7072;12863.5923389
7074;12863.5923389
7076;12863.5923389
7078;12863.5923389
7080;12863.5923389
7082;12863.5923389
7084;12863.5923389
7086;12863.5923389
7088;12863.5923389
7090;12863.5923389
7092;12863.5923389
7094;12863.5923389
7096;12863.5923389
7098;12863.5923389
7100;12863.5923389
7102;12863.5923389
7104;12863.5923389
7106;12863.5923389
7108;12863.5923389
7110;12863.5923389
7112;12863.5923389
7114;12863.5923389
7116;12863.5923389
7118;12863.5923389
7120;12863.5923389
7122;12863.5923389
7124;12863.5923389
7126;12863.5923389
7128;12863.5923389
7130;12863.5923389
7132;12863.5923389
7134;12863.5923389
7136;12863.5923389
7138;12863.5923389
7140;12863.5923389
7142;12863.5923389
7144;12863.5923389
7146;12863.5923389
7148;12863.5923389
7150;12863.5923389
7152;12863.5923389
7154;12863.5923389
7156;12863.5923389
7158;12863.5923389
7160;12863.5923389
7162;12863.5923389
7164;12863.5923389
7166;12863.5923389
7168;12863.5923389
7170;12863.5923389
7172;12863.5923389
7174;12863.5923389
7176;12863.5923389
7178;12863.5923389
7180;12863.5923389
7182;12863.5923389
7184;12863.5923389
7186;12863.5923389
7188;12863.5923389
7190;12863.5923389
7192;12863.5923389
7194;12863.5923389
7196;12863.5923389
7198;12863.5923389
7200;12863.5923389
7202;12863.5923389
7204;12863.5923389
7206;12863.5923389
7208;12863.5923389
7210;12863.5923389
7212;12863.5923389
7214;12863.5923389
7216;12863.5923389
7218;12863.5923389
7220;12863.5923389
7222;12863.5923389
7224;12863.5923389
7226;12863.5923389
7228;12863.5923389
7230;12863.5923389
7232;12863.5923389
7234;12863.5923389
7236;12863.5923389
7238;12863.5923389
7240;12863.5923389
7242;12863.5923389
7244;12863.5923389
7246;12863.5923389
7248;12863.5923389
7250;12863.5923389
7252;12863.5923389
7254;12863.5923389
7256;12863.5923389
7258;12863.5923389
7260;12863.5923389
7262;12863.5923389
7264;12863.5923389
7266;12863.5923389
7268;12863.5923389
7270;12863.5923389
7272;12863.5923389
7274;12863.5923389
7276;12863.5923389
7278;12863.5923389
7280;12863.5923389
7282;12863.5923389
7284;12863.5923389
7286;12863.5923389
7288;12863.5923389
7290;12863.5923389
7292;12863.5923389
7294;12863.5923389
7296;12863.5923389
7298;12863.5923389
7300;12863.5923389
7302;12863.5923389
7304;12863.5923389
7306;12863.5923389
7308;12863.5923389
7310;12863.5923389
7312;12863.5923389
7314;12863.5923389
7316;12863.5923389
7318;12863.5923389
7320;12863.5923389
7322;12863.5923389
7324;12863.5923389
7326;12863.5923389
7328;12863.5923389
7330;12863.5923389
7332;12863.5923389
7334;12863.5923389
7336;12863.5923389
7338;12863.5923389
7340;12863.5923389
7342;12863.5923389
7344;12863.5923389
7346;12863.5923389
7348;12863.5923389
7350;12863.5923389
7352;12863.5923389
7354;12863.5923389
7356;12863.5923389
7358;12863.5923389
7360;12863.5923389
7362;12863.5923389
7364;12863.5923389
7366;12863.5923389
7368;12863.5923389
7370;12863.5923389
7372;12863.5923389
7374;12863.5923389
7376;12863.5923389
7378;12863.5923389
7380;12863.5923389
7382;12863.5923389
7384;12863.5923389
7386;12863.5923389
7388;12863.5923389
7390;12863.5923389
7392;12863.5923389
7394;12863.5923389
7396;12863.5923389
7398;12863.5923389
7400;12863.5923389
7402;12863.5923389
7404;12863.5923389
7406;12863.5923389
7408;12863.5923389
7410;12863.5923389
7412;12863.5923389
7414;12863.5923389
7416;12863.5923389
7418;12863.5923389
7420;12863.5923389
7422;12863.5923389
7424;12863.5923389
7426;12863.5923389
7428;12863.5923389
7430;12863.5923389
7432;12863.5923389
7434;12863.5923389
7436;12863.5923389
7438;12863.5923389
7440;12863.5923389
7442;12863.5923389
7444;12863.5923389
7446;12863.5923389
7448;12863.5923389
7450;12863.5923389
7452;12863.5923389
7454;12863.5923389
7456;12863.5923389
7458;12863.5923389
7460;12863.5923389
7462;12863.5923389
7464;12863.5923389
7466;12863.5923389
7468;12863.5923389
7470;12863.5923389
7472;12863.5923389
7474;12863.5923389
7476;12863.5923389
7478;12863.5923389
7480;12863.5923389
7482;12863.5923389
7484;12863.5923389
7486;12863.5923389
7488;12863.5923389
7490;12863.5923389
7492;12863.5923389
7494;12863.5923389
7496;12863.5923389
7498;12863.5923389
7500;12863.5923389
7502;12863.5923389
7504;12863.5923389
7506;12863.5923389
7508;12863.5923389
7510;12863.5923389
7512;12863.5923389
7514;12863.5923389
7516;12863.5923389
7518;12863.5923389
7520;12863.5923389
7522;12863.5923389
7524;12863.5923389
7526;12863.5923389
7528;12863.5923389
7530;12863.5923389
7532;12863.5923389
7534;12863.5923389
7536;12863.5923389
7538;12863.5923389
7540;12863.5923389
7542;12863.5923389
7544;12863.5923389
7546;12863.5923389
7548;12863.5923389
7550;12863.5923389
7552;12863.5923389
7554;12863.5923389
7556;12863.5923389
7558;12863.5923389
7560;12863.5923389
7562;12863.5923389
7564;12863.5923389
7566;12863.5923389
7568;12863.5923389
7570;12863.5923389
7572;12863.5923389
7574;12863.5923389
7576;12863.5923389
7578;12863.5923389
7580;12863.5923389
7582;12863.5923389
7584;12863.5923389
7586;12863.5923389
7588;12863.5923389
7590;12863.5923389
7592;12863.5923389
7594;12863.5923389
7596;12863.5923389
7598;12863.5923389
7600;12863.5923389
7602;12863.5923389
7604;12863.5923389
7606;12863.5923389
7608;12863.5923389
7610;12863.5923389
7612;12863.5923389
7614;12863.5923389
7616;12863.5923389
7618;12863.5923389
7620;12863.5923389
7622;12863.5923389
7624;12863.5923389
7626;12863.5923389
7628;12863.5923389
7630;12863.5923389
7632;12863.5923389
7634;12863.5923389
7636;12863.5923389
7638;12863.5923389
7640;12863.5923389
7642;12863.5923389
7644;12863.5923389
7646;12863.5923389
7648;12863.5923389
7650;12863.5923389
7652;12863.5923389
7654;12863.5923389
7656;12863.5923389
7658;12863.5923389
7660;12863.5923389
7662;12863.5923389
7664;12863.5923389
7666;12863.5923389
7668;12863.5923389
7670;12863.5923389
7672;12863.5923389
7674;12863.5923389
7676;12863.5923389
7678;12863.5923389
7680;12863.5923389
7682;12863.5923389
7684;12863.5923389
7686;12863.5923389
7688;12863.5923389
7690;12863.5923389
7692;12863.5923389
7694;12863.5923389
7696;12863.5923389
7698;12863.5923389
7700;12863.5923389
7702;12863.5923389
7704;12863.5923389
7706;12863.5923389
7708;12863.5923389
7710;12863.5923389
7712;12863.5923389
7714;12863.5923389
7716;12863.5923389
7718;12863.5923389
7720;12863.5923389
7722;12863.5923389
7724;12863.5923389
7726;12863.5923389
7728;12863.5923389
7730;12863.5923389
7732;12863.5923389
7734;12863.5923389
7736;12863.5923389
7738;12863.5923389
7740;12863.5923389
7742;12863.5923389
7744;12863.5923389
7746;12863.5923389
7748;12863.5923389
7750;12863.5923389
7752;12863.5923389
7754;12863.5923389
7756;12863.5923389
7758;12863.5923389
7760;12863.5923389
7762;12863.5923389
7764;12863.5923389
7766;12863.5923389
7768;12863.5923389
7770;12863.5923389
7772;12863.5923389
7774;12863.5923389
7776;12863.5923389
7778;12863.5923389
7780;12863.5923389
7782;12863.5923389
7784;12863.5923389
7786;12863.5923389
7788;12863.5923389
7790;12863.5923389
7792;12863.5923389
7794;12863.5923389
7796;12863.5923389
7798;12863.5923389
7800;12863.5923389
7802;12863.5923389
7804;12863.5923389
7806;12863.5923389
7808;12863.5923389
7810;12863.5923389
7812;12863.5923389
7814;12863.5923389
7816;12863.5923389
7818;12863.5923389
7820;12863.5923389
7822;12863.5923389
7824;12863.5923389
7826;12863.5923389
7828;12863.5923389
7830;12863.5923389
7832;12863.5923389
7834;12863.5923389
7836;12863.5923389
7838;12863.5923389
7840;12863.5923389
7842;12863.5923389
7844;12863.5923389
7846;12863.5923389
7848;12863.5923389
7850;12863.5923389
7852;12863.5923389
7854;12863.5923389
7856;12863.5923389
7858;12863.5923389
7860;12863.5923389
7862;12863.5923389
7864;12863.5923389
7866;12863.5923389
7868;12863.5923389
7870;12863.5923389
7872;12863.5923389
7874;12863.5923389
7876;12863.5923389
7878;12863.5923389
7880;12863.5923389
7882;12863.5923389
7884;12863.5923389
7886;12863.5923389
7888;12863.5923389
7890;12863.5923389
7892;12863.5923389
7894;12863.5923389
7896;12863.5923389
7898;12863.5923389
7900;12863.5923389
7902;12863.5923389
7904;12863.5923389
7906;12863.5923389
7908;12863.5923389
7910;12863.5923389
7912;12863.5923389
7914;12863.5923389
7916;12863.5923389
7918;12863.5923389
7920;12863.5923389
7922;12863.5923389
7924;12863.5923389
7926;12863.5923389
7928;12863.5923389
7930;12863.5923389
7932;12863.5923389
7934;12863.5923389
7936;12863.5923389
7938;12863.5923389
7940;12863.5923389
7942;12863.5923389
7944;12863.5923389
7946;12863.5923389
7948;12863.5923389
7950;12863.5923389
7952;12863.5923389
7954;12863.5923389
7956;12863.5923389
7958;12863.5923389
7960;12863.5923389
7962;12863.5923389
7964;12863.5923389
7966;12863.5923389
7968;12863.5923389
7970;12863.5923389
7972;12863.5923389
7974;12863.5923389
7976;12863.5923389
7978;12863.5923389
7980;12863.5923389
7982;12863.5923389
7984;12863.5923389
7986;12863.5923389
7988;12863.5923389
7990;12863.5923389
7992;12863.5923389
7994;12863.5923389
7996;12863.5923389
7998;12863.5923389
