744 260
895 238
316 903
753 99
202 958
505 50
411 28
553 589
879 238
896 659
848 244
318 215
893 897
344 755
578 560
935 77
957 75
462 352
407 840
222 697
762 876
181 502
813 174
41 748
539 926
225 213
388 81
907 780
562 652
411 792
476 606
888 593
211 864
986 125
587 753
487 397
56 227
228 646
397 836
457 750
15 640
140 324
507 657
775 502
305 285
192 657
951 718
779 880
503 997
880 689
49 770
599 785
32 986
410 304
494 775
31 41
268 85
145 5
592 827
43 327
960 707
992 364
530 82
364 454
592 217
46 861
100 331
742 944
226 239
929 801
86 953
513 709
576 363
802 952
398 272
320 717
436 307
688 531
492 531
858 106
170 500
14 283
671 87
984 101
940 577
43 245
333 629
646 998
730 28
54 668
962 831
460 67
256 975
589 355
728 650
882 146
56 416
60 134
502 597
693 546
551 683
189 690
136 659
75 693
696 463
995 197
71 101
990 661
366 900
18 896
406 753
117 513
441 780
829 171
822 262
961 221
840 947
680 922
44 290
626 854
1 7
379 447
651 387
453 520
731 99
266 937
915 309
266 514
592 506
147 207
817 203
147 744
374 338
673 668
377 109
66 918
229 656
435 752
95 506
663 289
691 661
153 738
120 40
405 217
405 738
831 237
627 620
612 679
51 119
690 731
587 464
584 141
672 821
767 418
381 637
18 530
863 711
758 453
48 407
76 306
759 139
968 380
409 652
459 827
101 591
831 742
845 375
153 696
66 264
975 328
823 530
661 760
471 467
83 530
409 682
16 132
337 489
585 279
360 122
932 610
626 634
405 869
74 815
170 756
591 610
390 498
93 671
655 607
66 559
226 939
974 891
613 225
964 327
974 132
260 870
772 664
494 972
313 438
383 547
500 161
661 771
246 886
123 468
798 995
175 993
604 445
979 204
40 804
346 428
234 643
374 881
729 936
884 944
132 205
140 399
942 569
499 205
65 251
986 207
998 291
567 863
916 666
930 404
373 150
134 92
630 950
314 780
415 208
169 576
463 548
509 986
867 14
217 153
467 731
243 568
140 207
514 704
736 343
254 718
273 647
237 229
40 396
975 832
87 995
675 3
120 677
866 975
966 357
687 122
118 833
756 982
794 557
967 67
602 120
409 48
143 350
606 530
582 608
472 914
401 649
946 471
560 520
634 507
627 861
745 727
234 299
734 707
805 85
915 61
191 663
882 568
495 28
447 91
992 542
334 194
776 275
581 562
411 341
303 904
599 971
840 441
800 738
944 385
293 815
884 907
540 689
621 648
261 594
762 418
172 971
999 203
723 769
168 202
624 517
106 242
0 230
706 961
386 445
649 824
550 601
73 278
512 294
841 100
930 658
753 195
785 875
250 307
459 283
911 888
458 464
305 159
599 39
169 398
662 215
427 590
313 969
964 731
578 206
68 566
48 485
258 757
765 78
269 863
362 473
460 162
315 238
550 721
453 666
647 253
39 887
766 528
720 670
851 931
255 94
195 260
476 944
105 433
674 781
831 676
531 616
586 807
632 438
97 621
706 291
658 646
562 348
639 555
814 493
884 585
938 664
999 599
85 664
118 309
353 348
624 475
560 362
31 401
799 167
284 827
789 236
226 984
896 955
258 566
231 128
75 783
74 317
736 315
910 694
789 387
820 112
453 561
417 455
378 21
965 348
730 415
992 138
67 853
459 621
3 751
303 218
291 519
84 103
724 963
170 903
607 890
920 746
268 210
614 923
978 599
625 60
427 567
969 204
585 133
955 48
210 568
610 72
812 636
458 922
952 189
252 221
243 294
519 43
196 137
24 452
61 664
708 402
797 723
761 494
521 129
68 451
484 15
591 444
319 496
402 625
783 2
405 135
82 483
432 115
202 463
789 926
26 16
700 500
490 102
798 742
222 564
422 454
352 43
966 196
427 642
225 481
590 839
249 899
132 345
613 622
762 559
156 716
896 747
153 456
371 374
390 660
232 896
491 31
967 322
785 246
843 995
95 69
764 791
28 600
52 48
506 594
999 295
679 597
553 502
747 561
35 321
103 701
296 769
738 69
534 511
750 806
951 994
417 476
596 822
207 300
282 881
582 572
341 675
272 629
239 948
82 827
405 399
302 438
270 718
627 428
760 570
924 96
112 106
388 205
341 326
819 262
738 7
332 68
869 872
157 761
481 635
760 131
504 73
938 467
194 450
913 785
697 771
365 798
15 741
729 353
453 763
609 212
463 781
527 605
858 52
405 940
839 479
982 809
259 811
63 380
591 346
292 609
455 599
186 634
961 755
872 647
542 212
803 481
287 947
216 895
358 582
383 806
594 548
40 49
179 692
44 288
212 623
6 148
958 481
463 394
25 893
191 9
327 266
247 981
274 838
144 944
294 642
413 113
582 173
348 458
247 738
161 901
917 108
669 138
84 603
535 142
103 113
922 853
833 480
197 292
990 33
566 212
502 234
272 952
722 943
184 398
301 235
515 566
260 461
694 717
240 193
251 588
632 24
748 691
767 300
396 11
828 121
662 244
260 946
706 24
683 323
891 354
604 969
845 672
184 967
193 653
949 588
12 559
154 479
766 298
762 229
660 8
249 990
60 985
934 431
689 803
35 912
370 594
861 307
848 328
664 494
235 371
708 676
458 567
383 489
371 548
741 437
107 954
414 801
871 684
759 931
805 753
990 787
962 379
115 781
477 752
810 64
909 243
90 823
207 534
99 110
662 353
602 320
981 698
747 958
790 981
474 591
881 691
82 873
121 522
575 674
462 587
457 268
27 799
101 915
841 199
356 765
730 162
930 86
771 914
357 62
527 877
671 659
900 309
364 467
810 856
270 912
669 959
849 459
40 768
801 190
52 205
611 656
650 276
228 910
216 442
713 853
665 507
435 336
471 657
11 516
280 285
854 413
431 796
603 207
673 130
535 155
525 638
476 59
982 97
822 509
338 128
595 159
158 213
642 586
467 4
15 970
131 591
825 528
966 33
911 563
640 100
477 966
577 578
912 149
388 915
389 144
629 437
759 115
972 247
839 363
99 798
293 264
883 669
362 617
913 213
898 706
714 712
826 417
276 143
523 503
164 830
980 616
682 824
549 495
697 610
70 573
697 735
56 188
812 852
841 961
529 428
569 325
779 516
508 311
874 417
857 593
163 215
136 60
790 406
386 508
375 96
643 590
319 658
896 766
98 932
137 727
287 222
252 394
358 661
141 297
688 587
143 265
430 58
73 242
426 272
610 547
54 931
369 696
345 20
205 731
638 686
336 226
909 99
241 957
782 542
326 390
834 963
226 651
638 198
444 776
759 840
388 912
525 3
54 487
614 13
499 884
844 15
533 67
97 752
588 142
500 24
5 750
303 990
865 851
188 420
689 241
591 866
210 926
777 286
957 6
251 468
836 906
929 659
24 881
192 910
368 326
918 818
508 138
228 604
106 732
161 336
532 497
414 710
869 214
614 551
171 444
910 688
703 428
615 146
905 603
358 865
993 82
979 123
285 929
884 874
103 927
701 30
412 649
273 600
844 906
412 563
106 727
497 147
817 490
904 961
754 509
591 577
62 496
993 1
73 153
830 527
54 611
916 614
700 938
891 468
169 729
823 762
896 628
427 454
328 539
941 646
736 22
447 637
607 784
300 336
44 926
647 490
178 88
521 435
1 83
532 811
767 479
138 975
372 554
33 809
900 530
689 289
235 829
265 254
237 977
823 947
366 909
628 354
467 532
256 349
251 540
584 505
579 508
928 473
715 824
386 961
55 989
839 758
810 970
759 45
121 245
882 801
544 642
189 116
603 450
193 33
528 65
676 249
735 708
739 778
796 333
926 614
354 59
336 747
427 548
291 23
227 107
835 271
795 885
582 609
184 457
141 257
466 622
103 59
529 325
991 52
683 604
419 531
635 91
157 306
856 560
725 972
561 374
691 811
136 843
345 142
863 151
433 347
907 462
573 428
576 488
53 43
328 650
621 356
140 847
381 921
204 828
525 829
178 80
299 897
103 726
7 220
801 969
427 279
752 252
114 823
901 660
213 612
749 408
56 616
381 159
364 364
943 52
576 725
891 703
247 966
840 35
175 434
709 231
314 604
713 60
818 833
159 11
70 296
593 521
806 344
277 963
995 690
761 566
825 269
355 451
20 46
782 927
831 583
303 925
46 893
361 141
146 561
148 929
912 509
869 288
563 426
406 620
560 631
639 365
26 70
403 276
303 389
931 646
15 902
725 278
23 630
273 792
158 508
333 792
350 752
86 981
557 541
644 177
419 759
594 114
393 709
10 345
543 710
166 664
848 573
620 657
443 711
781 888
756 594
917 954
418 473
997 90
917 171
954 843
675 406
960 951
293 696
999 23
935 878
343 863
614 928
76 807
178 57
194 470
34 707
604 584
602 97
24 889
623 110
304 444
778 833
453 192
504 737
74 774
802 476
718 141
624 375
367 818
588 554
823 1000
581 902
783 522
415 418
372 70
261 846
699 103
141 291
508 452
833 511
825 198
88 372
130 953
134 143
740 898
294 731
646 500
573 78
996 703
361 678
857 215
301 987
842 726
185 611
589 783
822 36
224 762
144 815
637 471
367 556
376 285
637 703
991 364
106 631
900 423
553 133
418 530
561 343
543 292
72 451
995 614
760 301
997 600
555 331
628 941
406 954
877 931
641 204
507 319
262 408
529 150
382 953
113 337
169 544
686 349
181 83
994 771
243 437
588 328
894 965
222 652
443 412
713 845
8 725
13 830
985 62
198 585
756 558
374 942
149 77
680 942
469 525
366 694
504 332
686 461
41 413
470 616
437 714
955 214
952 573
586 639
411 863
133 32
387 459
25 426
30 17
352 976
509 775
547 939
103 225
20 309
164 680
883 119
496 631
924 808
412 96
768 774
668 897
46 791
569 225
328 110
844 120
121 403
809 422
530 866
515 497
442 77
254 698
596 936
176 305
64 879
632 204
842 744
678 563
170 962
924 523
167 831
355 731
829 147
957 699
671 54
347 874
100 934
903 569
481 622
776 742
880 802
334 533
290 22
313 161
617 695
201 872
935 449
859 131
913 726
387 7
143 758
398 565
805 53
828 238
141 331
155 377
267 268
478 298
538 474
897 86
463 62
423 387
819 632
851 772
487 892
776 714
825 90
392 900
361 443
308 424
812 369
929 386
375 818
41 279
615 939
121 83
735 618
451 285
245 481
512 660
343 174
373 641
682 1000
470 752
654 738
122 843
500 966
671 579
533 635
972 347
775 311
472 90
160 890
385 957
564 353
410 626
518 372
413 502
987 177
180 910
332 925
982 973
599 426
431 798
673 375
596 768
904 866
135 281
561 390
3 422
235 836
787 136
733 423
715 187
547 504
490 49
361 40
197 775
583 299
552 178
565 587
635 925
625 889
1 652
522 147
339 920
660 120
840 273
447 923
893 659
411 358
128 295
967 578
63 46
861 591
955 342
802 184
81 589
80 974
656 324
618 455
528 218
734 394
568 709
447 565
101 21
689 566
298 675
899 144
137 135
966 393
581 934
826 398
762 903
965 5
464 322
518 412
923 491
927 447
593 18
393 260
604 635
124 897
83 645
81 824
7 627
919 408
480 349
256 847
58 366
549 102
395 113
441 809
567 813
608 545
121 378
394 83
606 304
717 376
757 928
133 169
964 892
601 565
647 269
700 503
599 106
99 878
867 807
423 772
586 873
944 595
100 181
577 820
687 56
425 821
661 461
754 988
847 158
819 843
394 619
584 411
772 86
86 409
28 466
367 204
117 532
144 30
180 808
541 604
219 995
898 4
17 700
211 438
54 92
590 671
842 360
228 866
106 677
743 675
549 331
822 170
470 660
511 319
23 353
432 372
471 403
618 97
54 491
179 263
833 528
375 527
106 477
870 716
118 311
528 715
691 816
739 970
584 633
770 361
445 475
176 825
174 728
421 55
904 631
285 579
167 48
929 356
515 510
325 393
192 230
357 603
874 670
23 231
121 193
892 839
14 407
431 506
879 196
494 849
381 73
888 228
911 136
509 998
511 968
101 150
647 51
361 697
245 200
184 721
781 668
306 535
126 309
90 146
113 19
811 666
442 844
984 501
621 618
867 480
782 969
165 739
476 907
390 143
40 294
24 619
48 524
89 287
34 93
324 356
20 719
217 461
255 249
652 737
514 540
541 512
817 151
517 770
383 180
609 716
452 15
955 593
803 849
34 857
797 431
223 38
661 507
356 774
844 0
839 304
51 238
626 771
75 704
366 518
283 53
294 645
502 102
75 428
733 892
269 828
92 902
603 224
907 351
970 959
144 979
926 124
146 847
244 71
447 604
58 801
343 932
955 475
656 520
177 81
885 959
682 979
43 897
833 82
499 416
680 58
613 249
115 809
147 296
858 30
111 99
419 26
581 573
279 487
349 911
182 369
506 217
671 565
7 890
877 354
884 697
362 524
632 948
773 884
970 604
445 177
203 268
78 177
998 599
946 379
851 763
815 868
80 666
365 889
258 942
388 625
826 583
63 953
911 870
751 2
726 849
469 21
404 714
840 274
766 73
727 877
269 711
698 642
292 832
843 463
142 209
580 809
27 249
239 548
54 960
241 510
246 668
367 383
932 415
831 804
107 285
533 241
328 783
187 82
989 489
760 214
584 155
362 450
460 497
369 995
97 642
841 344
416 831
377 64
576 213
63 865
734 236
319 980
138 279
215 482
175 788
312 520
626 291
946 114
647 957
135 49
874 358
41 126
35 117
959 63
56 454
959 505
437 170
809 524
829 893
598 35
628 557
420 253
385 698
719 220
101 507
442 19
791 685
315 853
310 685
158 289
957 525
838 799
311 976
158 631
356 403
611 240
601 763
888 545
308 923
153 763
240 74
324 500
690 278
527 589
873 677
263 700
577 868
434 401
754 812
115 784
433 587
145 56
511 72
199 563
54 669
227 294
335 769
281 959
408 327
548 933
665 467
89 463
335 590
962 228
714 617
109 637
46 226
616 772
357 16
551 753
415 543
471 126
506 221
939 321
251 209
570 866
454 807
666 843
930 94
376 321
545 492
368 97
529 662
466 468
739 861
619 702
452 204
197 149
679 144
975 319
307 750
141 999
886 349
347 334
592 685
734 2
820 93
869 980
922 388
180 98
957 508
121 764
402 420
633 180
390 417
595 600
693 607
86 95
576 128
875 987
338 965
134 244
895 514
898 623
673 776
152 671
980 182
902 696
408 774
157 219
260 989
135 182
952 853
461 821
638 110
728 927
995 942
237 424
668 995
441 701
888 901
347 584
979 870
420 390
121 477
838 228
695 932
399 381
2 477
484 18
18 912
411 391
499 185
691 983
331 942
35 243
458 396
673 96
462 771
650 3
695 113
120 463
806 227
766 747
51 329
520 843
13 593
313 757
316 30
101 312
808 928
818 543
89 5
46 765
808 480
861 395
97 0
938 320
619 95
613 589
134 376
548 467
124 147
508 57
298 423
426 144
13 900
90 890
163 503
354 627
467 865
218 533
670 652
242 246
129 152
355 167
645 512
589 825
321 999
253 641
192 305
794 328
732 572
612 615
318 666
349 435
892 320
948 531
992 393
544 806
520 797
697 716
490 293
444 610
863 60
359 568
611 197
9 735
488 399
440 465
55 15
648 970
859 722
403 61
811 296
184 937
389 340
933 903
794 311
928 360
535 724
420 201
345 258
429 802
169 699
996 800
15 943
624 854
41 122
964 637
40 668
505 78
17 456
487 396
290 779
99 656
151 459
536 509
533 37
836 826
621 515
611 513
714 409
757 375
688 830
303 458
497 881
76 749
2 736
842 979
495 747
212 972
742 894
658 399
469 472
329 193
174 648
550 94
949 608
307 577
928 461
501 428
604 444
190 243
795 428
316 491
733 534
513 495
728 622
879 57
464 13
433 831
575 672
522 49
799 250
422 404
987 10
888 402
535 754
50 356
86 887
425 566
634 587
649 588
988 286
337 805
92 737
829 629
16 905
650 689
694 195
410 311
861 669
552 43
787 306
199 693
623 411
115 37
714 473
135 361
926 858
596 120
50 492
384 462
29 92
707 464
890 196
404 373
474 493
394 880
73 694
566 570
550 491
504 139
36 508
297 560
596 449
563 959
785 63
427 759
61 570
552 742
55 228
409 424
486 540
563 681
376 711
989 447
252 469
773 513
614 321
525 90
607 845
258 229
964 123
531 402
177 880
664 191
650 956
400 997
164 123
324 989
702 443
407 307
554 32
612 928
935 411
322 130
662 383
767 275
478 637
869 920
885 318
400 506
663 227
105 841
757 206
608 999
45 576
571 183
627 688
186 894
341 713
662 471
990 912
202 794
741 298
292 815
831 332
552 583
963 135
297 614
967 896
302 557
299 932
979 697
555 103
132 656
245 918
967 839
58 567
574 160
258 788
924 478
495 840
156 569
57 515
424 724
56 778
787 459
31 29
769 876
919 256
565 269
995 845
174 829
560 482
274 454
848 362
315 680
93 37
730 110
604 306
946 63
435 461
23 361
222 11
762 379
910 173
204 388
928 810
873 114
549 344
317 267
286 694
85 882
501 843
543 741
934 921
559 920
605 549
485 202
449 788
344 458
664 103
703 780
66 765
217 831
91 483
750 48
923 983
249 212
463 827
313 281
719 129
186 27
44 627
666 184
915 867
630 966
508 900
212 53
451 560
183 357
156 306
931 138
562 14
794 504
890 886
79 521
591 201
442 700
848 678
362 705
992 320
436 319
825 60
158 846
815 195
159 713
356 785
541 661
505 468
412 569
652 346
772 476
575 696
984 467
798 777
717 842
112 906
58 606
215 851
924 454
270 818
47 83
429 866
710 40
109 749
479 873
202 425
882 729
230 962
233 55
862 434
935 624
785 525
633 312
396 40
498 872
509 876
367 235
290 815
165 700
16 517
464 757
998 949
910 792
243 609
491 642
191 89
168 368
475 310
779 296
546 807
74 898
146 453
244 302
768 447
656 112
59 716
566 280
863 662
432 74
916 768
199 999
343 430
984 233
220 584
430 844
721 42
414 198
113 560
455 656
47 948
397 753
336 345
123 84
911 131
945 166
795 967
261 398
159 212
958 558
262 30
378 212
860 188
647 764
684 852
86 849
481 531
349 71
664 334
122 99
281 470
920 643
927 191
898 954
690 916
866 926
845 16
749 298
404 725
4 115
292 823
981 895
122 650
997 353
751 185
930 991
346 942
348 915
891 468
483 899
903 596
130 547
371 401
779 984
777 118
945 260
371 82
48 753
769 552
208 141
713 985
205 642
876 264
17 586
852 664
439 858
75 773
855 106
343 959
380 18
583 362
642 81
4 184
183 0
435 828
768 662
621 449
339 586
79 529
2 199
476 400
397 102
933 870
945 4
241 950
686 458
323 336
501 993
204 832
848 672
346 402
503 262
782 471
766 223
554 873
573 744
636 7
432 580
23 857
710 5
571 902
931 277
187 954
85 448
758 170
603 679
638 718
537 397
148 872
205 545
624 915
210 819
423 550
518 511
201 407
164 876
120 707
123 276
546 317
178 825
614 585
987 20
72 286
608 323
547 347
486 2
237 689
883 953
852 390
437 327
221 246
355 152
947 844
299 641
81 882
178 105
16 556
574 485
926 419
352 518
527 62
971 126
256 846
327 846
592 445
485 618
924 845
732 109
909 119
492 252
238 234
883 449
215 107
967 569
910 666
346 925
954 769
320 326
705 408
826 741
324 179
191 878
886 381
607 553
59 849
298 234
531 729
588 346
329 248
395 98
311 0
392 720
843 819
406 827
317 760
361 393
209 259
768 955
172 337
395 916
997 262
887 614
133 613
684 556
478 397
969 860
910 874
281 29
243 689
598 319
555 28
554 445
187 672
929 379
984 497
418 591
754 116
381 890
460 448
338 871
776 442
712 503
246 53
958 165
315 688
504 779
376 8
656 632
410 468
188 876
618 204
805 956
799 70
800 702
953 294
269 592
357 328
644 70
788 849
605 573
434 933
619 965
44 755
266 670
358 339
527 203
563 610
92 380
229 657
54 989
730 367
237 973
671 83
711 106
80 609
792 280
964 689
889 415
909 472
455 563
375 571
31 313
310 612
747 734
406 738
321 605
232 941
335 932
40 638
430 668
643 48
138 877
503 689
991 195
459 571
535 414
144 25
185 639
576 829
765 42
661 496
305 776
333 437
902 58
740 597
482 664
91 521
258 157
100 168
922 82
640 833
572 419
394 369
84 56
945 899
81 538
516 68
439 745
556 704
900 310
812 758
99 777
409 672
987 810
112 568
515 576
419 333
961 79
646 696
238 146
576 122
134 199
339 917
16 204
390 295
920 76
54 9
422 360
306 782
625 423
194 586
707 91
90 635
482 753
513 193
628 367
608 317
658 878
209 676
767 87
551 245
815 120
780 303
718 359
811 43
608 820
393 456
534 83
528 43
237 359
287 163
41 935
947 617
233 470
290 867
221 451
744 528
811 889
692 280
997 56
918 183
460 697
889 317
590 756
580 370
878 260
806 223
320 721
164 648
950 155
611 281
805 11
264 966
630 743
104 69
865 691
737 780
345 589
920 274
613 663
479 926
670 552
844 84
770 357
938 327
270 981
661 508
496 276
566 41
894 157
559 156
396 654
479 254
381 951
814 543
67 295
898 148
832 598
144 539
78 992
497 11
820 807
54 337
341 561
369 596
865 623
330 265
851 52
783 473
632 969
203 326
517 636
222 145
425 772
159 571
991 635
635 63
553 110
16 536
952 184
88 131
893 138
665 583
385 66
986 850
2 932
108 835
131 202
471 825
178 274
246 316
852 84
900 70
560 790
553 763
268 0
719 793
690 477
172 685
391 320
781 684
342 145
429 315
756 834
82 978
240 956
788 494
56 78
552 324
969 580
178 993
507 436
784 917
352 559
935 592
692 381
954 606
97 799
277 138
569 304
694 659
688 490
150 896
995 850
665 315
449 599
142 695
78 968
389 100
448 542
857 840
539 254
722 257
417 345
328 773
87 63
848 809
534 68
183 736
405 86
14 616
456 366
587 970
562 505
534 260
918 332
352 377
965 682
206 33
878 863
107 831
573 300
110 273
837 995
282 409
350 307
470 58
435 275
53 707
744 272
256 372
431 429
133 987
134 340
726 659
279 153
388 870
596 284
231 483
744 252
428 942
432 916
413 552
123 440
777 309
35 352
79 375
881 380
244 631
415 531
956 925
406 310
900 871
356 478
578 296
803 640
273 629
490 265
227 935
958 394
275 229
736 33
133 856
629 656
769 72
351 902
875 117
544 719
147 468
787 680
773 318
343 141
328 42
914 346
616 425
353 765
1 560
735 463
492 562
772 3
525 705
146 663
204 846
574 91
563 244
232 239
284 899
750 412
25 804
2 662
837 187
696 440
705 654
328 316
46 813
896 828
884 192
901 927
625 636
831 1
100 236
602 411
820 59
332 600
693 858
884 923
406 542
613 99
893 635
132 272
256 353
853 510
346 205
774 26
427 699
807 960
396 756
964 463
993 114
992 559
13 579
877 35
401 801
666 423
912 657
774 139
404 340
70 31
546 527
423 791
271 403
229 825
365 586
295 348
223 787
983 39
526 496
769 446
126 711
341 184
611 703
135 682
160 275
32 24
557 357
700 849
410 196
511 118
187 894
855 319
237 55
841 645
65 853
234 277
397 809
940 955
876 11
683 841
699 607
476 320
130 326
729 354
942 324
353 145
733 859
873 527
36 648
817 510
290 2
860 393
450 73
469 569
999 568
335 781
502 166
788 928
58 590
215 804
118 326
637 126
510 651
222 989
231 945
198 146
155 241
755 950
92 825
641 84
380 582
537 766
454 187
337 832
579 394
281 471
755 633
758 241
733 806
363 199
90 992
777 545
220 574
36 302
947 347
720 370
309 161
236 284
700 724
629 129
558 561
369 41
942 218
860 552
393 379
689 276
743 349
697 4
549 153
517 803
973 865
480 236
520 662
463 775
560 72
549 685
815 555
800 459
87 192
492 974
579 725
708 273
789 340
625 512
940 10
695 926
27 283
166 610
894 475
337 56
270 467
744 811
303 637
117 649
322 703
696 191
680 292
918 234
970 333
878 321
930 448
515 320
750 772
465 355
568 653
619 679
824 837
603 168
748 913
782 312
43 876
556 446
694 105
142 489
148 251
917 892
536 136
566 614
269 918
843 635
181 502
658 425
535 450
628 763
62 358
994 514
579 56
799 816
601 517
753 43
740 102
682 994
659 129
924 275
664 340
180 671
1 145
72 144
735 64
260 342
910 979
949 767
174 420
931 416
557 138
267 952
376 915
558 485
825 931
883 290
328 617
352 839
610 15
321 50
235 324
804 853
741 770
729 491
240 94
668 918
795 365
17 111
880 77
286 760
333 0
45 348
906 775
790 834
104 56
210 538
943 186
828 383
268 211
801 662
534 312
1000 517
155 464
913 914
408 520
176 683
135 538
521 988
698 813
458 800
187 178
728 683
209 660
641 701
772 630
201 610
553 748
768 486
638 318
37 156
886 980
466 166
108 576
814 597
405 307
710 569
549 261
389 397
370 321
398 244
318 643
579 665
749 222
149 714
453 666
896 982
61 916
138 939
368 343
27 243
244 744
247 293
347 11
67 156
587 791
353 745
194 970
355 299
630 19
767 895
480 783
319 0
123 742
514 730
541 918
501 837
339 140
838 293
485 29
369 42
506 297
327 593
479 864
348 664
185 474
688 134
1 102
29 896
863 743
783 698
367 601
332 913
245 354
794 702
227 159
295 756
31 658
606 661
754 868
281 766
867 704
331 288
537 61
359 316
627 53
354 796
647 623
844 446
68 31
141 7
61 663
711 426
992 394
535 792
738 582
560 158
939 886
265 254
253 549
788 889
788 907
208 818
943 197
75 35
637 549
159 935
811 118
777 885
455 184
77 287
594 735
0 34
180 813
976 159
947 459
126 901
168 771
187 271
468 764
272 463
60 447
349 170
154 406
620 785
103 217
967 188
768 890
330 690
202 109
620 399
594 148
709 832
387 792
798 838
854 482
611 903
871 180
878 133
438 233
580 652
889 298
856 639
422 108
339 962
787 616
903 611
592 803
705 181
595 143
452 585
622 311
525 609
447 314
95 256
857 834
43 505
690 850
644 802
805 687
480 213
279 540
179 942
754 830
28 612
336 959
691 436
11 20
430 563
89 949
244 308
174 535
250 10
808 984
383 173
321 853
618 840
573 549
83 831
667 174
902 452
411 166
478 238
155 228
245 920
23 752
81 710
436 515
702 662
704 290
930 601
125 650
892 433
640 698
921 59
16 712
679 417
254 883
262 21
647 388
758 365
248 558
638 591
806 549
389 786
766 733
286 257
675 900
683 665
960 524
936 531
987 90
324 267
735 205
86 263
38 560
19 905
616 245
298 831
422 275
220 783
452 797
715 800
322 881
903 762
506 494
763 720
312 574
651 839
184 465
591 33
768 848
480 151
565 220
591 400
347 155
214 769
732 411
677 19
333 274
437 874
47 524
532 69
223 256
389 284
971 701
607 272
223 705
200 229
167 293
21 482
800 277
652 240
89 865
557 859
700 189
928 655
60 408
294 720
172 402
614 476
181 501
953 561
936 191
43 650
989 2
710 707
557 515
941 703
70 780
972 156
1000 103
281 235
103 556
535 255
312 108
874 197
683 297
44 136
501 780
871 233
687 652
259 766
178 506
727 317
377 131
347 367
265 459
675 322
925 483
656 741
870 309
313 692
211 487
901 716
683 801
154 516
833 374
809 950
514 442
541 925
995 830
842 64
624 552
43 647
207 199
963 788
821 186
200 998
346 28
457 601
958 56
914 212
989 969
431 144
186 477
736 202
519 99
309 736
63 769
835 763
878 465
697 834
76 844
554 495
78 558
294 979
304 831
99 7
700 422
672 597
390 969
685 442
620 891
630 141
433 59
222 189
39 783
128 380
859 792
56 252
708 288
176 941
263 919
445 377
591 194
755 527
411 97
754 390
336 158
973 41
96 782
481 503
360 871
272 957
684 809
333 166
494 791
619 413
641 456
926 565
281 85
81 761
623 224
254 116
738 586
582 176
470 32
531 779
882 638
466 676
666 542
221 590
496 869
762 617
99 568
720 472
422 236
169 588
107 961
485 103
581 943
994 558
330 934
223 21
804 579
186 461
924 3
295 166
489 750
112 305
443 363
255 481
641 314
455 722
485 484
461 644
959 194
358 464
768 494
935 264
606 713
350 647
41 215
239 649
478 32
315 408
669 488
393 786
527 541
308 942
885 332
22 75
176 869
874 299
337 200
514 579
515 841
977 293
793 944
139 799
502 710
169 675
579 460
880 803
875 613
358 64
663 774
34 140
277 363
701 313
504 837
390 535
196 181
822 748
143 747
493 605
902 498
751 781
516 333
488 257
928 116
87 860
197 69
706 168
651 7
954 785
296 301
914 82
52 298
482 905
384 46
728 492
194 466
281 327
330 179
277 251
624 426
219 884
22 161
15 80
281 560
176 579
278 784
41 218
965 309
339 561
520 861
266 634
674 351
680 799
620 53
524 396
1 911
787 342
741 590
604 682
731 666
16 162
299 34
504 593
743 507
817 511
47 268
628 452
493 167
12 14
932 108
212 426
399 746
333 8
870 213
608 228
804 114
437 341
827 993
295 144
941 971
294 467
216 755
899 485
487 397
364 479
863 675
737 2
645 315
732 497
417 543
734 346
553 597
151 406
390 696
76 209
464 5
298 54
941 723
461 955
853 536
248 379
557 983
800 424
349 223
152 719
349 185
526 746
386 864
360 69
552 31
552 138
51 660
192 518
544 391
397 626
619 382
799 842
139 79
299 112
83 890
704 967
772 899
562 647
697 842
100 847
618 798
322 179
143 716
296 581
459 596
770 69
422 580
933 246
771 950
254 417
422 749
613 594
975 79
678 159
808 375
769 709
376 571
595 744
87 232
838 518
115 427
195 303
184 404
134 536
5 878
963 374
707 708
617 175
76 335
113 777
744 908
895 282
216 43
523 416
232 811
220 662
225 158
189 342
2 589
902 273
722 38
564 158
106 274
392 458
374 709
94 117
189 197
829 568
919 569
809 385
87 386
70 553
370 120
550 52
163 221
0 667
110 477
94 108
579 26
999 244
699 634
493 980
678 85
46 743
35 365
572 108
61 742
477 252
891 242
224 724
114 64
258 405
512 293
392 522
996 494
336 914
792 496
428 28
639 912
763 453
257 451
893 384
135 400
358 907
421 430
628 757
848 727
746 367
995 490
715 361
681 351
138 666
570 61
707 374
240 786
448 430
43 565
37 208
887 101
746 357
417 234
1 39
695 350
891 111
351 792
881 766
587 926
532 214
681 490
287 243
586 181
504 578
496 491
115 612
860 219
690 32
206 893
151 8
953 296
216 645
572 943
715 356
797 737
271 570
430 143
400 228
328 564
528 960
955 36
444 904
873 245
554 256
886 588
270 646
830 315
129 390
86 833
883 123
226 102
648 90
366 800
85 105
920 812
41 153
641 681
137 254
63 858
505 228
527 660
329 22
695 897
890 47
686 788
856 797
838 440
825 371
907 804
946 393
833 992
484 538
195 66
586 152
933 719
706 134
871 17
479 732
294 765
533 654
635 619
818 230
114 658
839 785
997 270
241 956
986 37
990 962
171 247
254 290
45 835
628 423
420 241
135 912
215 781
899 262
376 392
915 27
239 73
387 862
899 348
577 898
28 964
113 659
265 324
635 981
738 661
950 592
650 605
984 143
754 999
843 568
140 938
569 460
798 591
860 3
696 846
504 18
115 175
45 80
686 527
360 162
142 16
925 177
310 849
607 954
325 977
912 947
129 767
849 94
582 292
20 776
383 972
237 178
888 168
857 418
154 562
134 408
723 51
72 95
883 245
791 445
332 550
265 712
399 938
563 888
922 358
926 928
22 85
998 567
209 709
821 936
871 532
880 832
310 58
101 934
4 550
265 24
755 793
460 966
785 550
104 903
832 35
416 436
412 575
183 936
518 875
242 733
695 669
109 127
309 26
19 842
924 571
326 683
97 483
710 912
649 465
594 100
761 529
891 818
716 670
419 53
365 785
779 241
910 605
968 821
754 783
917 199
325 957
792 249
237 857
57 972
304 30
947 300
397 910
950 791
408 507
496 228
25 225
358 964
38 522
834 900
558 106
709 478
591 193
613 834
546 353
356 105
495 590
724 776
512 511
553 182
81 96
553 67
950 144
961 282
736 581
818 595
789 970
755 826
263 667
881 909
845 970
684 775
515 873
14 403
672 492
122 121
667 443
480 868
996 138
342 115
780 37
801 852
903 913
302 898
943 866
200 485
820 210
46 91
900 221
229 627
919 907
714 867
941 506
533 807
807 471
162 37
525 254
846 975
568 491
798 87
583 472
540 12
166 191
814 22
959 816
229 8
598 949
210 709
42 159
686 26
356 880
342 158
390 36
248 88
322 972
353 581
139 481
538 841
197 400
658 735
484 766
917 177
737 292
939 53
861 726
131 744
292 759
693 823
772 648
359 735
610 531
97 901
117 760
776 271
355 310
323 361
574 922
280 448
549 554
53 302
446 859
850 430
893 239
22 266
312 789
905 694
311 46
30 90
147 144
650 316
510 829
212 730
395 35
748 445
556 752
737 427
916 313
537 284
968 226
426 872
540 409
393 621
666 369
258 37
932 793
19 538
829 667
545 547
102 564
553 731
340 424
374 798
596 29
610 42
148 345
518 211
524 631
429 534
769 542
491 381
616 652
868 725
607 199
786 113
81 435
904 636
509 30
970 295
352 857
416 802
755 224
276 831
378 405
391 375
468 260
61 807
111 317
101 40
983 875
469 737
156 141
137 777
516 258
108 536
684 212
589 406
670 386
365 452
550 567
955 408
517 975
207 295
491 301
361 749
872 727
670 243
230 590
263 920
306 749
681 724
619 553
209 393
609 301
18 549
306 874
50 224
745 970
888 718
405 730
708 79
182 349
525 847
647 240
393 73
113 282
397 309
50 879
501 776
933 448
329 641
380 732
511 256
924 582
500 686
628 229
326 896
16 616
684 558
717 227
711 499
591 2
5 412
827 592
827 250
377 571
499 474
335 996
536 471
488 204
232 1000
918 693
264 16
130 370
350 707
611 335
89 29
892 903
312 841
894 436
201 955
42 712
762 310
355 212
811 166
960 134
977 533
585 817
365 109
128 557
223 251
233 585
413 15
349 16
343 102
611 421
405 948
657 48
326 151
344 924
639 240
108 802
704 473
933 10
376 161
470 996
467 740
486 593
757 78
973 726
363 925
904 599
570 18
511 790
22 727
716 609
414 699
395 877
608 576
258 703
770 178
327 792
913 201
758 190
606 794
432 717
984 580
888 167
339 31
484 64
961 67
227 404
408 682
39 577
909 339
316 396
320 525
655 695
326 984
428 367
643 464
345 72
102 471
671 877
145 121
145 645
247 262
904 377
959 53
20 21
177 960
989 830
366 591
943 739
435 264
366 769
661 203
799 787
369 484
864 795
227 805
376 23
694 403
641 32
131 443
840 564
239 12
80 289
122 281
715 397
952 407
421 798
243 710
836 85
814 748
504 25
252 435
626 81
207 221
658 240
675 366
927 697
994 226
304 402
622 75
467 723
490 484
215 605
200 894
516 380
454 221
30 910
437 153
897 688
80 184
83 945
422 219
616 174
621 32
30 218
898 523
873 702
626 648
346 286
431 764
914 23
278 595
960 395
837 74
294 248
306 198
848 536
435 990
576 403
353 675
680 608
123 23
137 515
374 217
152 873
724 903
583 513
884 244
365 804
681 663
99 94
449 404
904 82
457 20
487 903
180 108
114 560
307 787
423 365
581 932
369 293
926 491
461 818
127 407
136 446
785 801
815 922
203 923
471 338
879 693
971 935
269 803
908 66
540 581
481 967
94 476
973 65
517 673
708 336
945 600
383 124
375 292
463 61
765 7
143 270
177 486
677 50
274 933
85 410
930 875
541 510
338 145
585 82
